"08507: Air transport. Passengers, by airport, type of traffic, domestic/international flights, passenger group, contents and month"
"airport";"type of traffic";"domestic/international flights";"passenger group";"Passengers 2010M10";"Passengers 2010M11";"Passengers 2010M12";"Passengers 2011M01";"Passengers 2011M02";"Passengers 2011M03";"Passengers 2011M04";"Passengers 2011M05";"Passengers 2011M06";"Passengers 2011M07";"Passengers 2011M08";"Passengers 2011M09";"Passengers 2011M10";"Passengers 2011M11";"Passengers 2011M12";"Passengers 2012M01";"Passengers 2012M02";"Passengers 2012M03";"Passengers 2012M04";"Passengers 2012M05";"Passengers 2012M06";"Passengers 2012M07";"Passengers 2012M08";"Passengers 2012M09";"Passengers 2012M10";"Passengers 2012M11";"Passengers 2012M12";"Passengers 2013M01";"Passengers 2013M02";"Passengers 2013M03";"Passengers 2013M04";"Passengers 2013M05";"Passengers 2013M06";"Passengers 2013M07";"Passengers 2013M08";"Passengers 2013M09";"Passengers 2013M10";"Passengers 2013M11";"Passengers 2013M12";"Passengers 2014M01";"Passengers 2014M02";"Passengers 2014M03";"Passengers 2014M04";"Passengers 2014M05";"Passengers 2014M06";"Passengers 2014M07";"Passengers 2014M08";"Passengers 2014M09";"Passengers 2014M10";"Passengers 2014M11";"Passengers 2014M12";"Passengers 2015M01";"Passengers 2015M02";"Passengers 2015M03";"Passengers 2015M04";"Passengers 2015M05";"Passengers 2015M06";"Passengers 2015M07";"Passengers 2015M08";"Passengers 2015M09";"Passengers 2015M10";"Passengers 2015M11";"Passengers 2015M12";"Passengers 2016M01";"Passengers 2016M02";"Passengers 2016M03";"Passengers 2016M04";"Passengers 2016M05";"Passengers 2016M06";"Passengers 2016M07";"Passengers 2016M08";"Passengers 2016M09";"Passengers 2016M10";"Passengers 2016M11";"Passengers 2016M12";"Passengers 2017M01";"Passengers 2017M02";"Passengers 2017M03";"Passengers 2017M04";"Passengers 2017M05";"Passengers 2017M06";"Passengers 2017M07";"Passengers 2017M08";"Passengers 2017M09";"Passengers 2017M10";"Passengers 2017M11";"Passengers 2017M12";"Passengers 2018M01";"Passengers 2018M02";"Passengers 2018M03";"Passengers 2018M04";"Passengers 2018M05";"Passengers 2018M06";"Passengers 2018M07";"Passengers 2018M08";"Passengers 2018M09";"Passengers 2018M10";"Passengers 2018M11";"Passengers 2018M12";"Passengers 2019M01";"Passengers 2019M02";"Passengers 2019M03";"Passengers 2019M04";"Passengers 2019M05";"Passengers 2019M06";"Passengers 2019M07";"Passengers 2019M08";"Passengers 2019M09";"Passengers 2019M10";"Passengers 2019M11";"Passengers 2019M12";"Passengers 2020M01";"Passengers 2020M02";"Passengers 2020M03";"Passengers 2020M04";"Passengers 2020M05";"Passengers 2020M06";"Passengers 2020M07";"Passengers 2020M08";"Passengers 2020M09"
"Oslo Gardermoen";"All commercial flights";"Domestic flights";"Total passengers on board at departure and arrival";887018;823682;695214;697461;723379;885348;771576;917758;916550;735850;844430;938080;947995;891908;729721;762121;809216;915675;792390;968577;912612;768566;878312;942921;980152;924246;729406;759467;789388;839787;947353;963114;961216;777539;880201;970869;997133;928112;772135;795300;793781;935997;906469;966175;1051255;808755;919581;995032;1018419;921393;773341;762221;800845;902139;900637;966271;1048756;844021;926560;998943;1012881;952348;772250;783856;872214;922527;931123;1013875;1052954;810064;958355;1062620;1023145;957180;813885;836010;862473;1028583;917209;1043122;1085797;871458;994414;1062920;1077812;1002300;835288;859163;898237;991116;1042503;1061397;1091949;923921;1051507;1095703;1107042;1031832;851932;887339;895405;1062246;912161;1025998;1101630;915249;1023016;1100385;1100646;976385;854203;881349;892384;460727;101562;186208;316435;518697;455541;446934
"Oslo Gardermoen";"Scheduled passenger flights";"Domestic flights";"Total passengers on board at departure and arrival";885955;822510;694694;695451;722388;883219;768484;916581;913904;731839;841978;937041;945927;887161;728000;759735;807701;912137;790232;966475;910286;765244;875894;940878;974178;915345;723754;753041;780555;829069;942150;959522;958620;774476;878516;968595;991975;918106;762781;787474;788194;927989;899214;964484;1047772;806140;915403;992837;1015021;918003;770788;759383;799660;896058;897435;962512;1046315;842060;923605;997879;1010702;950382;770434;781794;871003;918432;930366;1009418;1050362;807570;954552;1060989;1022010;955320;811467;832959;861273;1027264;916456;1040717;1082954;867591;991602;1060989;1076749;1001293;833910;858095;897422;990468;1041426;1059746;1088318;921713;1050679;1094153;1106329;1030914;850370;885118;894361;1060730;911592;1025362;1097612;913144;1022647;1099538;1099200;975767;850778;877652;891856;459699;101425;184562;313523;518307;453980;446693
"Oslo Gardermoen";"Non-scheduled passenger flights";"Domestic flights";"Total passengers on board at departure and arrival";1063;1169;517;2010;991;2129;3089;1159;2642;4011;2452;1039;2066;4747;1715;2386;1515;3538;2158;2102;2326;3311;2409;2043;5974;8899;5646;6423;8833;10712;5199;3590;2555;3063;1685;2270;5153;10001;9354;7826;5587;8008;7255;1691;3483;2615;4168;2192;3305;3390;2553;2834;1185;6079;3198;3756;2435;1953;2955;1064;2176;1966;1816;2062;1209;4095;757;4455;2592;2494;3777;1631;1135;1860;2418;3051;1200;1319;753;2405;2839;3866;2810;1762;1063;871;1378;1068;815;648;1077;1650;3631;2208;828;1547;713;918;1562;2221;1044;1516;569;636;4009;2103;369;692;786;618;3421;3696;528;1018;135;1637;2912;374;1561;241
"Oslo Gardermoen";"Freight";"Domestic flights";"Total passengers on board at departure and arrival";0;3;3;0;0;0;0;1;0;0;0;0;2;0;0;0;0;0;0;0;0;11;0;0;0;0;0;3;0;0;0;0;7;0;0;0;0;2;0;0;0;0;0;0;0;0;10;0;0;0;0;0;0;2;2;2;0;0;0;0;0;0;0;0;0;0;0;0;0;0;26;0;0;0;0;0;0;0;0;0;0;0;0;0;0;0;0;0;0;0;0;0;0;0;0;0;0;0;0;0;0;0;0;0;0;0;0;0;0;0;0;0;0;7;0;0;0;0;0;0
"Oslo Gardermoen";"Helicopter, continental shelf";"Domestic flights";"Total passengers on board at departure and arrival";0;0;0;0;0;0;0;0;0;0;0;0;0;0;0;0;0;0;0;0;0;0;0;0;0;0;0;0;0;0;0;0;0;0;0;0;0;0;0;0;0;0;0;0;0;0;0;0;0;0;0;0;0;0;0;0;0;0;0;0;0;0;0;0;0;0;0;0;0;0;0;0;0;0;0;0;0;0;0;0;0;0;0;0;0;0;0;0;0;0;0;0;0;0;0;0;0;0;0;0;0;0;0;0;0;0;0;0;0;0;0;0;0;0;0;0;0;0;0;0
"Oslo Gardermoen";"Helicopter, other";"Domestic flights";"Total passengers on board at departure and arrival";0;0;0;0;0;0;0;17;0;0;0;0;0;0;0;0;0;0;0;0;0;0;0;0;0;0;0;0;0;0;0;0;0;0;0;0;0;0;0;0;0;0;0;0;0;0;0;0;0;0;0;0;0;0;2;1;0;1;0;0;0;0;0;0;2;0;0;2;0;0;0;0;0;0;0;0;0;0;0;0;0;0;0;0;0;0;0;0;0;0;0;0;0;0;0;0;0;0;0;0;0;0;0;0;0;0;0;0;0;0;0;0;0;0;0;0;0;2;0;0
"Oslo Gardermoen";"Other commercial flights";"Domestic flights";"Total passengers on board at departure and arrival";0;0;0;0;0;0;3;0;4;0;0;0;0;0;6;0;0;0;0;0;0;0;9;0;0;2;6;0;0;6;4;2;34;0;0;4;5;3;0;0;0;0;0;0;0;0;0;3;93;0;0;4;0;0;0;0;6;7;0;0;3;0;0;0;0;0;0;0;0;0;0;0;0;0;0;0;0;0;0;0;4;1;2;169;0;136;0;0;0;0;0;1;0;0;0;3;0;0;0;0;0;0;0;0;9;2;0;155;660;0;4;1;0;3;2;9;0;14;0;0
"Stavanger Sola";"All commercial flights";"Domestic flights";"Total passengers on board at departure and arrival";221232;215955;175604;180852;184122;224071;185485;224839;212925;138102;193672;235446;235121;233813;184486;196257;200314;228736;192177;239943;214173;144853;212208;230960;247030;238626;176324;198848;197968;205119;255929;250629;241061;165290;220065;260402;272026;252577;199475;220698;213012;251499;238006;251837;257336;168037;222475;258152;263085;243982;196544;200666;202753;230220;223013;232034;245093;169787;212002;246657;249974;235982;184351;192334;203140;215493;223195;232023;235473;151538;212582;249891;239208;232417;187700;195145;190948;233713;200821;241086;241423;158016;208044;241021;245543;236827;185311;197974;196003;214431;233687;240663;238536;168995;228795;251747;257163;247008;190740;212752;202661;244273;212833;249488;249257;173328;220245;255725;262704;238525;201117;208877;203029;109844;45835;55962;84949;105200;103993;114581
"Stavanger Sola";"Scheduled passenger flights";"Domestic flights";"Total passengers on board at departure and arrival";217525;213292;172233;178053;181663;220352;182001;220660;209166;134310;189156;231988;231950;229567;180232;193357;197948;225715;189073;236142;210057;141359;206889;227257;242603;234048;173199;193550;193149;198575;232426;226734;219741;142267;197973;238085;248157;231529;178356;198376;191374;227097;212808;228095;232669;140620;199760;235054;239492;222499;175907;180766;183079;208456;203727;213105;223654;144585;190414;223964;229542;216873;165789;176018;186595;196847;206611;215141;216762;136274;195284;231781;221684;214629;171093;178996;176135;215880;185906;223392;224328;141678;191717;225871;230044;220331;171595;182825;182133;199467;218858;223332;218973;148991;206597;233198;236829;227580;174996;193678;185402;224337;191100;224555;227972;151337;199896;236094;241867;219814;180977;188717;186190;95207;33119;42044;68514;88649;88182;98497
"Stavanger Sola";"Non-scheduled passenger flights";"Domestic flights";"Total passengers on board at departure and arrival";988;209;213;631;236;1047;812;1048;696;795;796;449;534;297;333;72;402;493;1346;1022;608;280;1684;616;1740;1091;328;1501;1352;2816;1908;1795;940;1553;1120;1340;1026;169;395;333;296;417;1257;690;855;3062;1636;601;535;53;93;44;209;471;388;336;232;2170;349;597;304;661;362;185;581;947;115;39;452;194;31;358;21;153;7;0;16;211;187;414;249;948;6;89;58;157;141;174;26;80;72;12;29;134;28;552;25;215;99;107;3;473;205;142;86;169;54;49;26;14;1354;364;374;633;456;571;1103;477;510;616
"Stavanger Sola";"Freight";"Domestic flights";"Total passengers on board at departure and arrival";0;0;0;0;0;0;0;0;0;0;0;0;0;0;0;0;0;0;0;0;32;26;0;0;0;0;0;0;0;0;0;2;0;0;0;0;0;0;0;0;0;0;0;0;0;0;0;0;0;0;0;0;0;0;0;0;0;0;0;0;0;0;0;0;0;0;0;0;0;0;0;0;0;0;0;0;0;0;0;0;0;0;0;0;0;0;0;0;0;0;0;0;0;0;0;0;0;0;0;0;0;0;0;0;0;0;0;0;0;0;0;0;0;0;0;0;0;0;0;0
"Stavanger Sola";"Helicopter, continental shelf";"Domestic flights";"Total passengers on board at departure and arrival";2719;2452;3158;2168;2223;2672;2669;3131;3063;2982;3720;3009;2637;3944;3911;2828;1964;2513;1758;2752;3476;3188;3630;3087;2684;3487;2786;3797;3413;3728;21595;22060;20373;21454;20972;20977;22836;20874;20716;21988;21337;23985;23941;23043;23812;24349;21068;22401;22868;21376;20508;19786;19439;21215;18855;18555;21095;22956;21174;22011;20065;18406;18166;16119;15961;17680;16402;16842;18254;15070;17256;17731;17472;17574;16562;16106;14767;17511;14669;17162;16794;15388;16321;15050;15441;16337;13575;14975;13844;14860;14753;17316;19534;19865;22170;17953;20307;19213;15637;18967;17253;19450;21524;24786;21166;21793;20285;19582;20811;18697;18632;19709;16464;14004;12260;13347;15332;16073;15301;15466
"Stavanger Sola";"Helicopter, other";"Domestic flights";"Total passengers on board at departure and arrival";0;2;0;0;0;0;0;0;0;15;0;0;0;5;10;0;0;15;0;27;0;0;0;0;3;0;5;0;54;0;0;38;7;16;0;0;2;2;8;1;1;0;0;9;0;6;11;96;27;54;36;66;26;78;43;38;112;76;62;80;63;42;34;12;3;19;67;1;5;0;11;21;31;61;38;43;30;111;59;118;52;2;0;11;0;2;0;0;0;24;4;3;0;5;0;41;2;0;8;0;3;13;3;5;27;27;9;0;0;0;0;87;1;0;0;0;0;1;0;2
"Stavanger Sola";"Other commercial flights";"Domestic flights";"Total passengers on board at departure and arrival";0;0;0;0;0;0;3;0;0;0;0;0;0;0;0;0;0;0;0;0;0;0;5;0;0;0;6;0;0;0;0;0;0;0;0;0;5;3;0;0;4;0;0;0;0;0;0;0;163;0;0;4;0;0;0;0;0;0;3;5;0;0;0;0;0;0;0;0;0;0;0;0;0;0;0;0;0;0;0;0;0;0;0;0;0;0;0;0;0;0;0;0;0;0;0;3;0;0;0;0;0;0;1;0;6;2;1;0;0;0;154;0;0;0;0;0;0;0;0;0
"Bergen Flesland";"All commercial flights";"Domestic flights";"Total passengers on board at departure and arrival";360900;330580;281606;283038;282815;346736;297460;372055;350857;248418;325231;378765;389704;380799;308021;318463;322808;371742;315126;388000;346377;267452;335240;364736;392538;371535;292621;311477;319572;330810;381015;385265;368725;276842;341356;390797;414357;376581;304189;328921;317299;366455;348542;376757;386234;271629;336128;382999;403875;357343;296527;291836;299666;340901;331579;349823;362083;256392;317061;350323;360782;334533;272653;275696;295902;306030;317540;347138;348486;238705;313320;357481;355935;327846;275916;281674;283872;337180;303419;357269;361683;243848;322790;360210;373628;344244;281225;293259;291314;320058;345157;356719;354864;257218;336181;373428;387648;361841;289519;308335;303422;356897;310623;366948;374076;255571;335117;384051;399161;358148;301114;317902;308750;177132;77218;94154;153278;200902;201087;201246
"Bergen Flesland";"Scheduled passenger flights";"Domestic flights";"Total passengers on board at departure and arrival";342383;311710;262888;265823;267246;325471;278899;350976;328116;228235;302650;356354;368138;356166;287832;300925;309923;355580;301402;372481;332022;254108;323403;353881;378776;359390;280637;298726;304336;312717;356692;362854;347683;255111;318317;368020;387942;352013;281712;305748;298397;345937;326525;356048;365045;248565;314585;360227;380581;337206;277173;274314;281368;321250;310408;329798;342183;236593;301078;333087;343973;319206;257658;260834;281916;290305;302792;329978;331166;224100;296781;342806;342451;314056;263363;268929;271388;323281;290714;342098;346995;230285;309123;346480;361977;331645;269507;281316;278470;304914;330719;339913;338779;243117;320252;356546;369418;344922;273441;291040;286215;338043;293713;347094;356674;237015;317223;365477;377329;338841;283096;296815;291262;161680;61335;77226;134349;182491;183971;183057
"Bergen Flesland";"Non-scheduled passenger flights";"Domestic flights";"Total passengers on board at departure and arrival";239;656;373;350;327;1059;120;314;867;1757;666;540;585;1786;268;540;443;1337;857;177;113;850;399;497;1621;1124;953;290;2335;4125;1449;352;895;1141;217;631;1925;1379;736;579;190;480;822;281;1242;2740;1490;501;951;206;896;547;836;678;1116;841;248;2200;184;403;291;883;739;783;516;119;169;249;239;188;81;58;30;88;597;311;334;330;424;231;324;683;64;658;140;247;388;69;195;563;269;174;67;139;20;844;229;3;45;504;4;924;392;81;538;132;128;303;783;1627;1230;2971;1814;1081;775;756;1089;402;132;64
"Bergen Flesland";"Freight";"Domestic flights";"Total passengers on board at departure and arrival";0;0;0;0;0;0;0;1;0;0;0;0;2;0;0;0;0;0;0;0;0;0;0;0;0;0;0;3;0;0;0;0;7;0;0;0;0;0;0;0;0;0;0;0;0;0;0;0;0;0;0;0;0;2;0;0;0;0;0;0;0;0;0;0;0;0;0;0;0;0;26;0;0;0;0;0;0;0;0;0;0;0;26;0;0;0;0;0;0;0;0;0;0;0;0;0;0;0;0;0;0;0;0;0;0;0;0;0;0;0;0;0;0;0;0;0;0;0;0;0
"Bergen Flesland";"Helicopter, continental shelf";"Domestic flights";"Total passengers on board at departure and arrival";18278;18213;18334;16865;15242;20206;18441;20727;21870;18411;21888;21871;20977;22842;19921;16998;12440;14825;12867;15323;14242;12494;11438;10358;12139;11019;11016;12458;12901;13968;22874;22048;20131;20571;22822;22146;24477;23187;21739;22594;18711;20038;21195;20427;19947;20317;20053;22271;22341;19930;18458;16974;17462;18971;20055;19184;19651;17588;15795;16833;16515;14443;14256;14074;13466;15602;14574;16909;17080;14413;16431;14595;13452;13691;11954;12431;12150;13569;12281;14929;14357;12879;13576;13070;11511;12352;11330;11874;12641;14547;14169;16632;16018;13962;15909;16038;18001;16916;16030;16791;17201;17889;16514;19750;16862;18424;17762;18268;20389;17680;16784;18116;15674;14371;15108;16172;17840;18007;16984;18123
"Bergen Flesland";"Helicopter, other";"Domestic flights";"Total passengers on board at departure and arrival";0;1;11;0;0;0;0;37;4;15;27;0;2;5;0;0;0;0;0;19;0;0;0;0;2;0;15;0;0;0;0;11;7;19;0;0;12;2;2;0;1;0;0;1;0;7;0;0;2;1;0;1;0;0;0;0;1;4;1;0;0;1;0;5;4;4;5;2;1;4;1;22;2;11;2;3;0;0;0;9;7;0;1;2;0;0;0;0;8;34;0;0;0;0;0;0;0;0;3;0;2;41;4;23;0;0;4;0;0;0;2;0;0;0;0;0;0;2;0;2
"Bergen Flesland";"Other commercial flights";"Domestic flights";"Total passengers on board at departure and arrival";0;0;0;0;0;0;0;0;0;0;0;0;0;0;0;0;2;0;0;0;0;0;0;0;0;2;0;0;0;0;0;0;2;0;0;0;1;0;0;0;0;0;0;0;0;0;0;0;0;0;0;0;0;0;0;0;0;7;3;0;3;0;0;0;0;0;0;0;0;0;0;0;0;0;0;0;0;0;0;2;0;1;0;0;0;0;0;0;0;0;0;0;0;0;0;0;0;0;0;0;0;0;0;0;2;0;0;3;660;0;2;0;0;0;0;0;0;0;0;0
"Trondheim værnes";"All commercial flights";"Domestic flights";"Total passengers on board at departure and arrival";303204;275942;219349;228874;242934;288463;248155;287734;284689;190127;254111;304175;324705;300256;235834;248946;265379;306097;259282;305770;285619;207769;271262;311986;335870;310299;234694;252476;261658;271679;304648;301295;305724;211510;267154;313539;347962;312668;241086;256965;260856;300502;283864;302071;321664;215676;272490;319710;348848;305695;240810;243874;261358;300462;279176;292959;314245;219162;274875;308467;329067;317872;240614;252727;285048;289438;287229;298347;308332;210153;273882;321976;327186;309521;242550;259075;270706;323245;277933;311196;321111;225196;283150;318677;342095;318300;244966;257203;267273;291936;309874;311074;311044;233553;291473;324574;347225;326744;250712;267271;268708;318753;271051;304430;309826;213932;278879;325225;348469;307768;246543;270605;266676;141361;36706;56668;99615;135820;134188;151780
"Trondheim værnes";"Scheduled passenger flights";"Domestic flights";"Total passengers on board at departure and arrival";302614;275756;219008;228179;242118;287692;247977;287565;283478;188122;252800;302880;323345;299895;235802;248683;264903;305852;258607;305742;285041;207235;270356;310311;334091;308873;234210;252194;260016;269558;303362;300955;305521;210532;266370;311131;346422;311255;240516;256250;260840;299914;283853;301726;320645;215144;271853;318742;348297;305195;240576;243510;260990;299921;278882;292837;314079;219155;274377;307856;328535;315771;240318;252022;281451;288465;287115;297865;307918;209767;273768;321649;326813;308622;241987;258376;270384;322271;277933;310484;320438;224316;282999;318629;341719;318090;244778;256871;267242;291369;309445;311003;310791;233413;291424;324032;346914;326159;250230;266916;268700;317965;270737;304307;309509;213931;278843;324677;348227;307672;245710;268627;266362;140052;35874;55441;97977;134822;133631;151301
"Trondheim værnes";"Non-scheduled passenger flights";"Domestic flights";"Total passengers on board at departure and arrival";590;186;335;695;816;771;178;169;1207;2005;1311;1295;1360;361;32;263;476;245;675;28;578;516;906;1675;1779;1426;484;282;1642;2119;1286;340;203;978;784;2408;1535;1413;570;715;16;588;11;339;1011;532;637;965;551;500;234;364;368;541;294;122;166;5;498;611;532;2101;283;705;3597;973;114;482;414;386;114;327;373;899;563;699;322;974;0;712;673;880;151;48;376;210;188;332;31;567;429;71;253;140;49;542;311;585;482;355;8;788;314;123;313;1;36;548;242;96;679;1978;314;1309;832;1227;1638;996;557;479
"Trondheim værnes";"Freight";"Domestic flights";"Total passengers on board at departure and arrival";0;0;0;0;0;0;0;0;0;0;0;0;0;0;0;0;0;0;0;0;0;0;0;0;0;0;0;0;0;0;0;0;0;0;0;0;0;0;0;0;0;0;0;0;0;0;0;0;0;0;0;0;0;0;0;0;0;0;0;0;0;0;0;0;0;0;0;0;0;0;0;0;0;0;0;0;0;0;0;0;0;0;0;0;0;0;0;0;0;0;0;0;0;0;0;0;0;0;0;0;0;0;0;0;1;0;0;0;0;0;0;0;0;0;0;0;0;0;0;0
"Trondheim værnes";"Helicopter, continental shelf";"Domestic flights";"Total passengers on board at departure and arrival";0;0;6;0;0;0;0;0;0;0;0;0;0;0;0;0;0;0;0;0;0;0;0;0;0;0;0;0;0;2;0;0;0;0;0;0;0;0;0;0;0;0;0;0;0;0;0;0;0;0;0;0;0;0;0;0;0;0;0;0;0;0;13;0;0;0;0;0;0;0;0;0;0;0;0;0;0;0;0;0;0;0;0;0;0;0;0;0;0;0;0;0;0;0;0;0;0;0;0;0;0;0;0;0;0;0;0;0;0;0;0;0;0;0;0;0;0;0;0;0
"Trondheim værnes";"Helicopter, other";"Domestic flights";"Total passengers on board at departure and arrival";0;0;0;0;0;0;0;0;0;0;0;0;0;0;0;0;0;0;0;0;0;0;0;0;0;0;0;0;0;0;0;0;0;0;0;0;0;0;0;0;0;0;0;6;0;0;0;0;0;0;0;0;0;0;0;0;0;0;0;0;0;0;0;0;0;0;0;0;0;0;0;0;0;0;0;0;0;0;0;0;0;0;0;0;0;0;0;0;0;0;0;0;0;0;0;0;0;0;0;0;0;0;0;0;0;0;0;0;0;0;0;0;0;0;0;0;0;2;0;0
"Trondheim værnes";"Other commercial flights";"Domestic flights";"Total passengers on board at departure and arrival";0;0;0;0;0;0;0;0;4;0;0;0;0;0;0;0;0;0;0;0;0;18;0;0;0;0;0;0;0;0;0;0;0;0;0;0;5;0;0;0;0;0;0;0;8;0;0;3;0;0;0;0;0;0;0;0;0;2;0;0;0;0;0;0;0;0;0;0;0;0;0;0;0;0;0;0;0;0;0;0;0;0;0;0;0;0;0;0;0;0;0;0;0;0;0;0;0;0;0;0;0;0;0;0;3;0;0;0;0;0;154;0;0;0;0;0;0;0;0;0
"Alta";"All commercial flights";"Domestic flights";"Total passengers on board at departure and arrival";30314;25873;22914;23369;23484;29224;28631;32310;36531;36285;35149;31918;30620;27991;24093;25061;26882;30792;28056;32323;30331;36483;34561;30757;30912;26338;22131;23701;26255;27932;30822;30246;36317;38353;35334;32486;29833;25083;22941;23105;23708;28904;31328;34135;40850;39183;36602;34702;33768;25858;25538;23040;24707;34915;29960;35226;41802;43498;37647;36552;34885;29920;26199;24244;29009;29803;29461;32303;39325;40708;37511;35141;32719;29239;25102;26683;27871;33550;28367;34052;38455;39352;37708;34237;34087;29722;24374;26628;28531;30779;33171;34956;38654;40744;39762;33843;33657;27466;23744;26564;28544;32329;29328;32037;35975;37459;35822;35081;32140;27251;24943;27644;27778;16487;4221;6229;13248;24120;20621;19571
"Alta";"Scheduled passenger flights";"Domestic flights";"Total passengers on board at departure and arrival";30049;25870;22914;23369;23484;29082;28621;32310;36069;36237;35141;31913;30620;27953;24093;25061;26868;30792;28056;32289;30141;36479;34445;30757;30912;26145;22131;23698;26033;27931;30796;30207;35957;38342;35219;32486;29833;25083;22643;23097;23708;28904;31263;33756;39984;38286;35889;33916;33348;25858;25538;23009;24591;31734;29790;34860;41138;43239;37274;36344;34362;29867;26005;24178;28749;29501;29332;32188;39186;40465;37074;34577;32260;28511;24527;26043;27810;32509;28367;33727;38397;39303;37518;34237;34087;29324;23944;26541;28531;30676;33024;34956;38654;40718;39762;33841;33657;27438;23744;26247;28120;32308;29130;32037;35975;37358;35822;34926;32140;27066;24943;27644;27778;16487;4217;6079;12869;23765;20285;19517
"Alta";"Non-scheduled passenger flights";"Domestic flights";"Total passengers on board at departure and arrival";265;2;0;0;0;142;0;0;462;22;8;0;0;38;0;0;14;0;0;34;190;4;115;0;0;166;0;0;222;1;0;39;360;11;96;0;0;0;298;8;0;0;65;233;430;614;481;520;294;0;0;31;116;3029;0;0;245;4;123;0;140;0;194;66;260;298;114;115;122;10;2;63;0;338;344;360;0;1041;0;0;3;5;129;0;0;262;430;87;0;77;147;0;0;5;0;0;0;28;0;317;395;0;180;0;0;88;0;0;0;185;0;0;0;0;4;134;330;328;336;54
"Alta";"Freight";"Domestic flights";"Total passengers on board at departure and arrival";0;0;0;0;0;0;0;0;0;0;0;0;0;0;0;0;0;0;0;0;0;0;0;0;0;0;0;0;0;0;0;0;0;0;0;0;0;0;0;0;0;0;0;0;0;0;0;0;0;0;0;0;0;0;0;0;0;0;0;0;0;0;0;0;0;0;0;0;0;0;0;0;0;0;0;0;0;0;0;0;0;0;0;0;0;0;0;0;0;0;0;0;0;0;0;0;0;0;0;0;0;0;0;0;0;0;0;0;0;0;0;0;0;0;0;0;0;0;0;0
"Alta";"Helicopter, continental shelf";"Domestic flights";"Total passengers on board at departure and arrival";0;0;0;0;0;0;10;0;0;26;0;5;0;0;0;0;0;0;0;0;0;0;0;0;0;27;0;3;0;0;18;0;0;0;19;0;0;0;0;0;0;0;0;146;436;283;232;266;126;0;0;0;0;152;170;366;419;255;238;208;221;53;0;0;0;4;15;0;6;163;337;384;308;262;138;182;50;0;0;325;55;44;46;0;0;0;0;0;0;13;0;0;0;17;0;0;0;0;0;0;29;21;18;0;0;13;0;0;0;0;0;0;0;0;0;16;49;27;0;0
"Alta";"Helicopter, other";"Domestic flights";"Total passengers on board at departure and arrival";0;0;0;0;0;0;0;0;0;0;0;0;0;0;0;0;0;0;0;0;0;0;0;0;0;0;0;0;0;0;8;0;0;0;0;0;0;0;0;0;0;0;0;0;0;0;0;0;0;0;0;0;0;0;0;0;0;0;12;0;162;0;0;0;0;0;0;0;11;70;98;117;151;128;93;98;11;0;0;0;0;0;15;0;0;0;0;0;0;13;0;0;0;4;0;2;0;0;0;0;0;0;0;0;0;0;0;0;0;0;0;0;0;0;0;0;0;0;0;0
"Alta";"Other commercial flights";"Domestic flights";"Total passengers on board at departure and arrival";0;1;0;0;0;0;0;0;0;0;0;0;0;0;0;0;0;0;0;0;0;0;1;0;0;0;0;0;0;0;0;0;0;0;0;0;0;0;0;0;0;0;0;0;0;0;0;0;0;0;0;0;0;0;0;0;0;0;0;0;0;0;0;0;0;0;0;0;0;0;0;0;0;0;0;0;0;0;0;0;0;0;0;0;0;136;0;0;0;0;0;0;0;0;0;0;0;0;0;0;0;0;0;0;0;0;0;155;0;0;0;0;0;0;0;0;0;0;0;0
"Andenes Andøya";"All commercial flights";"Domestic flights";"Total passengers on board at departure and arrival";5435;5606;5142;5263;4934;5172;4511;4976;4900;5807;5740;5208;5606;5279;4740;5132;5410;5333;4435;4883;5952;6937;6703;5278;5741;6236;5318;5926;5451;5703;5054;6251;7267;8924;8224;7205;5705;4969;5071;4974;5189;5258;5429;5264;7307;7819;6848;5222;5697;5210;4867;4989;4604;5667;4980;5393;6535;8068;5875;5452;5833;5412;5346;5451;5297;5469;5145;5374;6723;7743;6088;5500;5512;5337;5400;5706;5213;5896;6057;6458;7874;8968;7812;6310;6753;5698;5969;6442;6245;7026;6160;6162;7828;9946;6873;4407;5069;4488;4666;5264;4594;4781;5301;5216;6226;8650;6136;4838;4768;4586;4590;4839;4399;3580;3717;4048;5440;9719;7294;5728
"Andenes Andøya";"Scheduled passenger flights";"Domestic flights";"Total passengers on board at departure and arrival";5435;5606;5142;5263;4934;5172;4511;4976;4900;5807;5740;5208;5606;5279;4740;5132;5410;5333;4435;4883;5952;6919;6703;5278;5741;6236;5318;5926;5451;5703;5054;6251;7267;8924;8224;7205;5705;4969;5071;4974;5189;5258;5411;5169;7207;7819;6848;5222;5697;5210;4867;4989;4604;5667;4980;5393;6535;8068;5875;5445;5833;5412;5346;5451;5297;5469;5145;5374;6723;7743;6088;5500;5512;5337;5400;5706;5206;5832;6057;6458;7874;8968;7809;6310;6753;5698;5969;6442;6241;7026;6160;6162;7828;9946;6873;4407;5069;4488;4666;5264;4594;4781;5301;5216;6226;8650;6136;4838;4768;4586;4590;4839;4399;3486;3717;4048;5440;9719;7294;5728
"Andenes Andøya";"Non-scheduled passenger flights";"Domestic flights";"Total passengers on board at departure and arrival";0;0;0;0;0;0;0;0;0;0;0;0;0;0;0;0;0;0;0;0;0;0;0;0;0;0;0;0;0;0;0;0;0;0;0;0;0;0;0;0;0;0;18;95;98;0;0;0;0;0;0;0;0;0;0;0;0;0;0;7;0;0;0;0;0;0;0;0;0;0;0;0;0;0;0;0;7;64;0;0;0;0;3;0;0;0;0;0;4;0;0;0;0;0;0;0;0;0;0;0;0;0;0;0;0;0;0;0;0;0;0;0;0;94;0;0;0;0;0;0
"Andenes Andøya";"Freight";"Domestic flights";"Total passengers on board at departure and arrival";0;0;0;0;0;0;0;0;0;0;0;0;0;0;0;0;0;0;0;0;0;0;0;0;0;0;0;0;0;0;0;0;0;0;0;0;0;0;0;0;0;0;0;0;0;0;0;0;0;0;0;0;0;0;0;0;0;0;0;0;0;0;0;0;0;0;0;0;0;0;0;0;0;0;0;0;0;0;0;0;0;0;0;0;0;0;0;0;0;0;0;0;0;0;0;0;0;0;0;0;0;0;0;0;0;0;0;0;0;0;0;0;0;0;0;0;0;0;0;0
"Andenes Andøya";"Helicopter, continental shelf";"Domestic flights";"Total passengers on board at departure and arrival";0;0;0;0;0;0;0;0;0;0;0;0;0;0;0;0;0;0;0;0;0;0;0;0;0;0;0;0;0;0;0;0;0;0;0;0;0;0;0;0;0;0;0;0;0;0;0;0;0;0;0;0;0;0;0;0;0;0;0;0;0;0;0;0;0;0;0;0;0;0;0;0;0;0;0;0;0;0;0;0;0;0;0;0;0;0;0;0;0;0;0;0;0;0;0;0;0;0;0;0;0;0;0;0;0;0;0;0;0;0;0;0;0;0;0;0;0;0;0;0
"Andenes Andøya";"Helicopter, other";"Domestic flights";"Total passengers on board at departure and arrival";0;0;0;0;0;0;0;0;0;0;0;0;0;0;0;0;0;0;0;0;0;0;0;0;0;0;0;0;0;0;0;0;0;0;0;0;0;0;0;0;0;0;0;0;2;0;0;0;0;0;0;0;0;0;0;0;0;0;0;0;0;0;0;0;0;0;0;0;0;0;0;0;0;0;0;0;0;0;0;0;0;0;0;0;0;0;0;0;0;0;0;0;0;0;0;0;0;0;0;0;0;0;0;0;0;0;0;0;0;0;0;0;0;0;0;0;0;0;0;0
"Andenes Andøya";"Other commercial flights";"Domestic flights";"Total passengers on board at departure and arrival";0;0;0;0;0;0;0;0;0;0;0;0;0;0;0;0;0;0;0;0;0;18;0;0;0;0;0;0;0;0;0;0;0;0;0;0;0;0;0;0;0;0;0;0;0;0;0;0;0;0;0;0;0;0;0;0;0;0;0;0;0;0;0;0;0;0;0;0;0;0;0;0;0;0;0;0;0;0;0;0;0;0;0;0;0;0;0;0;0;0;0;0;0;0;0;0;0;0;0;0;0;0;0;0;0;0;0;0;0;0;0;0;0;0;0;0;0;0;0;0
"Bardufoss";"All commercial flights";"Domestic flights";"Total passengers on board at departure and arrival";16572;15367;13897;14391;13730;16720;17014;16023;17291;20565;18507;16809;17454;14545;14527;14341;14043;18389;16539;18795;19299;22625;18142;16828;16804;17131;16282;14396;15653;17279;18511;18878;18275;22043;18178;17754;17639;17124;17261;14909;15083;18281;19575;18589;20132;21401;19654;18137;18912;18263;17825;15614;18121;17032;18913;20737;21627;22805;21156;19880;19034;18288;17563;17138;21332;20428;17160;22855;22881;24348;23215;21016;20970;16180;17688;17566;17261;17124;20232;22770;23812;26362;22139;21724;21282;17935;17980;16706;17607;17387;20080;21979;22274;25642;22412;19993;20224;17753;19640;17548;16651;18157;22623;21991;22826;24912;22292;20936;20455;18312;19395;19247;16999;9825;3802;7915;10847;14477;12039;10863
"Bardufoss";"Scheduled passenger flights";"Domestic flights";"Total passengers on board at departure and arrival";16540;15195;13429;13789;13730;16720;15147;15680;16925;20389;18232;16539;16755;14193;13538;13648;14043;17404;15051;17731;18930;22347;18142;16828;16804;16954;15157;13703;15507;16233;17465;17563;18116;21928;18178;17754;17639;16201;16144;14070;14936;17052;18080;17828;19889;21191;17505;17980;18540;17706;16862;14711;18121;14011;17898;18836;21625;22755;19960;19879;18969;18288;17466;16357;18223;17638;16902;20695;22880;24023;21770;20753;20970;16180;17148;16814;17261;17124;20232;22770;23809;26353;22139;21724;21282;17935;17980;16706;17603;17387;20080;21979;22274;25633;22412;19993;20224;17753;19640;17383;16651;18007;22623;21991;22824;24905;22292;20936;20455;18312;19395;18317;16999;9230;3735;7658;10713;14411;11880;10863
"Bardufoss";"Non-scheduled passenger flights";"Domestic flights";"Total passengers on board at departure and arrival";32;172;468;602;0;0;1867;343;366;176;275;270;699;352;989;693;0;985;1488;1064;369;278;0;0;0;177;1124;693;146;1046;1046;1315;159;115;0;0;0;923;1117;839;147;1229;1495;761;243;210;2149;157;372;557;963;903;0;3021;1015;1901;2;50;1196;1;65;0;97;781;3109;2790;256;2160;1;325;1445;263;0;0;540;752;0;0;0;0;3;9;0;0;0;0;0;0;4;0;0;0;0;9;0;0;0;0;0;165;0;150;0;0;2;7;0;0;0;0;0;930;0;595;67;257;134;66;159;0
"Bardufoss";"Freight";"Domestic flights";"Total passengers on board at departure and arrival";0;0;0;0;0;0;0;0;0;0;0;0;0;0;0;0;0;0;0;0;0;0;0;0;0;0;0;0;0;0;0;0;0;0;0;0;0;0;0;0;0;0;0;0;0;0;0;0;0;0;0;0;0;0;0;0;0;0;0;0;0;0;0;0;0;0;0;0;0;0;0;0;0;0;0;0;0;0;0;0;0;0;0;0;0;0;0;0;0;0;0;0;0;0;0;0;0;0;0;0;0;0;0;0;0;0;0;0;0;0;0;0;0;0;0;0;0;0;0;0
"Bardufoss";"Helicopter, continental shelf";"Domestic flights";"Total passengers on board at departure and arrival";0;0;0;0;0;0;0;0;0;0;0;0;0;0;0;0;0;0;0;0;0;0;0;0;0;0;0;0;0;0;0;0;0;0;0;0;0;0;0;0;0;0;0;0;0;0;0;0;0;0;0;0;0;0;0;0;0;0;0;0;0;0;0;0;0;0;0;0;0;0;0;0;0;0;0;0;0;0;0;0;0;0;0;0;0;0;0;0;0;0;0;0;0;0;0;0;0;0;0;0;0;0;0;0;0;0;0;0;0;0;0;0;0;0;0;0;0;0;0;0
"Bardufoss";"Helicopter, other";"Domestic flights";"Total passengers on board at departure and arrival";0;0;0;0;0;0;0;0;0;0;0;0;0;0;0;0;0;0;0;0;0;0;0;0;0;0;1;0;0;0;0;0;0;0;0;0;0;0;0;0;0;0;0;0;0;0;0;0;0;0;0;0;0;0;0;0;0;0;0;0;0;0;0;0;0;0;2;0;0;0;0;0;0;0;0;0;0;0;0;0;0;0;0;0;0;0;0;0;0;0;0;0;0;0;0;0;0;0;0;0;0;0;0;0;0;0;0;0;0;0;0;0;0;0;0;0;0;0;0;0
"Bardufoss";"Other commercial flights";"Domestic flights";"Total passengers on board at departure and arrival";0;0;0;0;0;0;0;0;0;0;0;0;0;0;0;0;0;0;0;0;0;0;0;0;0;0;0;0;0;0;0;0;0;0;0;0;0;0;0;0;0;0;0;0;0;0;0;0;0;0;0;0;0;0;0;0;0;0;0;0;0;0;0;0;0;0;0;0;0;0;0;0;0;0;0;0;0;0;0;0;0;0;0;0;0;0;0;0;0;0;0;0;0;0;0;0;0;0;0;0;0;0;0;0;0;0;0;0;0;0;0;0;0;0;0;0;0;0;0;0
"Berlevåg";"All commercial flights";"Domestic flights";"Total passengers on board at departure and arrival";2070;2396;2195;1939;2113;2113;2221;2136;2147;2190;2207;2313;2814;1882;1974;1929;2181;2042;1917;2270;1843;2387;2460;2089;2341;2299;2188;1769;2195;2126;1740;1135;2109;2144;2136;2089;2054;1728;1668;1863;1536;1837;2025;1870;1965;1645;1905;1893;1890;1851;1779;1816;1570;2233;1763;1945;2070;1802;1873;1787;2124;2080;1676;1775;1736;1467;1989;1933;2107;1640;1882;1962;2263;2037;1961;1604;1806;1973;1790;1975;1964;1446;2038;1931;2037;2136;1703;1639;1779;2020;1991;1715;1819;1285;2018;1505;1978;1908;1639;1921;1819;2012;1805;2005;1989;1518;1973;2007;1991;1627;1703;1681;1644;875;0;0;1569;1939;1952;2392
"Berlevåg";"Scheduled passenger flights";"Domestic flights";"Total passengers on board at departure and arrival";2070;2396;2195;1939;2113;2113;2221;2136;2147;2190;2207;2313;2814;1882;1974;1929;2181;2042;1917;2270;1843;2387;2460;2089;2341;2299;2188;1769;2195;2126;1740;1135;2109;2144;2136;2089;2054;1728;1668;1863;1536;1837;2025;1870;1965;1645;1905;1893;1890;1851;1779;1816;1570;2233;1763;1945;2070;1802;1873;1787;2124;2080;1676;1775;1736;1467;1989;1933;2107;1640;1882;1962;2263;2037;1961;1604;1806;1973;1790;1975;1964;1446;2038;1931;2037;2136;1703;1639;1779;2020;1991;1715;1819;1285;2018;1505;1978;1908;1639;1921;1819;2012;1805;2005;1989;1518;1973;2007;1991;1627;1703;1681;1644;875;0;0;1569;1939;1952;2392
"Berlevåg";"Non-scheduled passenger flights";"Domestic flights";"Total passengers on board at departure and arrival";0;0;0;0;0;0;0;0;0;0;0;0;0;0;0;0;0;0;0;0;0;0;0;0;0;0;0;0;0;0;0;0;0;0;0;0;0;0;0;0;0;0;0;0;0;0;0;0;0;0;0;0;0;0;0;0;0;0;0;0;0;0;0;0;0;0;0;0;0;0;0;0;0;0;0;0;0;0;0;0;0;0;0;0;0;0;0;0;0;0;0;0;0;0;0;0;0;0;0;0;0;0;0;0;0;0;0;0;0;0;0;0;0;0;0;0;0;0;0;0
"Berlevåg";"Freight";"Domestic flights";"Total passengers on board at departure and arrival";0;0;0;0;0;0;0;0;0;0;0;0;0;0;0;0;0;0;0;0;0;0;0;0;0;0;0;0;0;0;0;0;0;0;0;0;0;0;0;0;0;0;0;0;0;0;0;0;0;0;0;0;0;0;0;0;0;0;0;0;0;0;0;0;0;0;0;0;0;0;0;0;0;0;0;0;0;0;0;0;0;0;0;0;0;0;0;0;0;0;0;0;0;0;0;0;0;0;0;0;0;0;0;0;0;0;0;0;0;0;0;0;0;0;0;0;0;0;0;0
"Berlevåg";"Helicopter, continental shelf";"Domestic flights";"Total passengers on board at departure and arrival";0;0;0;0;0;0;0;0;0;0;0;0;0;0;0;0;0;0;0;0;0;0;0;0;0;0;0;0;0;0;0;0;0;0;0;0;0;0;0;0;0;0;0;0;0;0;0;0;0;0;0;0;0;0;0;0;0;0;0;0;0;0;0;0;0;0;0;0;0;0;0;0;0;0;0;0;0;0;0;0;0;0;0;0;0;0;0;0;0;0;0;0;0;0;0;0;0;0;0;0;0;0;0;0;0;0;0;0;0;0;0;0;0;0;0;0;0;0;0;0
"Berlevåg";"Helicopter, other";"Domestic flights";"Total passengers on board at departure and arrival";0;0;0;0;0;0;0;0;0;0;0;0;0;0;0;0;0;0;0;0;0;0;0;0;0;0;0;0;0;0;0;0;0;0;0;0;0;0;0;0;0;0;0;0;0;0;0;0;0;0;0;0;0;0;0;0;0;0;0;0;0;0;0;0;0;0;0;0;0;0;0;0;0;0;0;0;0;0;0;0;0;0;0;0;0;0;0;0;0;0;0;0;0;0;0;0;0;0;0;0;0;0;0;0;0;0;0;0;0;0;0;0;0;0;0;0;0;0;0;0
"Berlevåg";"Other commercial flights";"Domestic flights";"Total passengers on board at departure and arrival";0;0;0;0;0;0;0;0;0;0;0;0;0;0;0;0;0;0;0;0;0;0;0;0;0;0;0;0;0;0;0;0;0;0;0;0;0;0;0;0;0;0;0;0;0;0;0;0;0;0;0;0;0;0;0;0;0;0;0;0;0;0;0;0;0;0;0;0;0;0;0;0;0;0;0;0;0;0;0;0;0;0;0;0;0;0;0;0;0;0;0;0;0;0;0;0;0;0;0;0;0;0;0;0;0;0;0;0;0;0;0;0;0;0;0;0;0;0;0;0
"Bodø";"All commercial flights";"Domestic flights";"Total passengers on board at departure and arrival";163231;139608;116629;120240;125405;156789;146283;173694;179762;158321;163920;171155;173372;163248;137527;141321;148268;172765;138741;170572;161773;167693;166753;162860;171296;155927;124592;131071;136738;149152;150177;144656;164880;156699;152020;158058;159584;141884;118397;124749;127320;149984;146176;150545;174735;151906;151442;159568;163561;143447;118333;118646;125093;160191;143271;154526;175192;152414;155944;161015;165651;153500;125782;127055;144195;149325;152611;164192;180288;156113;166143;173087;168831;151712;131337;134829;140905;172039;148526;167817;187246;166508;175589;169491;171416;153161;122378;130671;137187;149083;158182;165932;178508;162161;173735;170613;172648;154930;128677;134845;138799;166925;145231;165384;183080;158214;176987;180435;184927;153406;134726;140805;145471;82082;23188;43580;80047;133991;110786;101322
"Bodø";"Scheduled passenger flights";"Domestic flights";"Total passengers on board at departure and arrival";163209;139603;116406;120000;125405;156360;146231;173652;179583;158149;163765;171031;173370;162996;137313;141280;147988;172670;138702;170530;161377;167693;166187;162852;169912;154892;123438;129302;134834;146884;150125;144525;164442;156614;151602;157847;158752;140185;116923;123123;125656;147995;144930;150443;174735;151483;151246;159484;162793;143446;118317;118371;124819;159742;143129;154268;175009;152127;155940;160638;165094;153076;125591;126957;144099;149113;152375;163061;179948;156015;166091;173043;168401;151546;131335;134401;140654;172039;148315;167533;185243;162513;175488;169404;171412;153151;122071;130671;137185;149083;157977;165733;178317;162059;173659;170432;172500;154912;128677;134801;138799;166925;145231;165212;182697;157790;176705;180261;184817;152992;133900;140351;145164;81611;22463;42462;78687;133254;110119;101117
"Bodø";"Non-scheduled passenger flights";"Domestic flights";"Total passengers on board at departure and arrival";22;5;223;240;0;429;18;42;179;172;155;41;0;252;206;41;278;95;39;41;394;0;558;8;1384;1032;1154;1769;1904;2268;52;125;438;85;418;211;832;1697;1474;1626;1664;1989;1246;100;0;387;196;84;768;0;16;275;274;449;142;257;183;287;4;374;555;423;191;53;96;210;236;1131;340;98;52;44;430;166;0;428;251;0;211;284;1984;3995;101;87;4;10;307;0;0;0;205;199;191;102;76;181;148;18;0;44;0;0;0;172;382;424;278;174;110;414;826;454;307;468;725;1118;1360;735;667;205
"Bodø";"Freight";"Domestic flights";"Total passengers on board at departure and arrival";0;0;0;0;0;0;0;0;0;0;0;0;0;0;0;0;0;0;0;0;0;0;0;0;0;0;0;0;0;0;0;0;0;0;0;0;0;0;0;0;0;0;0;0;0;0;0;0;0;0;0;0;0;0;0;0;0;0;0;0;0;0;0;0;0;0;0;0;0;0;0;0;0;0;0;0;0;0;0;0;0;0;0;0;0;0;0;0;0;0;0;0;0;0;0;0;0;0;0;0;0;0;0;0;0;0;0;0;0;0;0;0;0;0;0;0;0;0;0;0
"Bodø";"Helicopter, continental shelf";"Domestic flights";"Total passengers on board at departure and arrival";0;0;0;0;0;0;21;0;0;0;0;83;0;0;0;0;0;0;0;0;1;0;4;0;0;0;0;0;0;0;0;0;0;0;0;0;0;0;0;0;0;0;0;0;0;36;0;0;0;0;0;0;0;0;0;1;0;0;0;0;0;1;0;0;0;0;0;0;0;0;0;0;0;0;0;0;0;0;0;0;0;0;0;0;0;0;0;0;2;0;0;0;0;0;0;0;0;0;0;0;0;0;0;0;0;0;0;0;0;0;0;0;0;0;0;0;0;0;0;0
"Bodø";"Helicopter, other";"Domestic flights";"Total passengers on board at departure and arrival";0;0;0;0;0;0;13;0;0;0;0;0;0;0;0;0;0;0;0;1;1;0;0;0;0;1;0;0;0;0;0;0;0;0;0;0;0;0;0;0;0;0;0;2;0;0;0;0;0;1;0;0;0;0;0;0;0;0;0;0;2;0;0;45;0;2;0;0;0;0;0;0;0;0;2;0;0;0;0;0;19;0;0;0;0;0;0;0;0;0;0;0;0;0;0;0;0;0;0;0;0;0;0;0;1;0;0;0;0;0;0;0;0;0;0;0;0;2;0;0
"Bodø";"Other commercial flights";"Domestic flights";"Total passengers on board at departure and arrival";0;0;0;0;0;0;0;0;0;0;0;0;2;0;8;0;2;0;0;0;0;0;4;0;0;2;0;0;0;0;0;6;0;0;0;0;0;2;0;0;0;0;0;0;0;0;0;0;0;0;0;0;0;0;0;0;0;0;0;3;0;0;0;0;0;0;0;0;0;0;0;0;0;0;0;0;0;0;0;0;0;0;0;0;0;0;0;0;0;0;0;0;0;0;0;0;0;0;0;0;0;0;0;0;0;0;4;0;0;0;0;0;0;3;0;0;0;0;0;0
"Brønnøysund Brønnøy";"All commercial flights";"Domestic flights";"Total passengers on board at departure and arrival";14838;14765;12998;12024;13004;15703;14236;14951;14554;15438;16847;18689;19172;16763;16333;14281;15387;15620;14514;17596;17304;17317;16870;15263;17111;17395;14948;16589;14616;14123;16857;15250;19233;20204;19213;16803;16694;14456;12935;12256;13150;14212;14526;15330;14968;15035;13762;13645;14656;13782;12265;10064;11443;14771;12602;13356;14873;15383;13273;13396;13947;12897;11828;10553;11498;12266;12791;14185;15102;16039;14083;14557;14131;12608;11816;11955;11755;13436;10149;10170;11589;11943;11614;9647;10271;10413;10166;10094;10726;12546;12526;12738;13086;13533;11909;12617;12609;11457;9421;9946;9252;11186;11954;12809;12106;15870;14628;11471;11897;11047;10580;10399;11274;7698;6768;7540;11960;15611;11061;10266
"Brønnøysund Brønnøy";"Scheduled passenger flights";"Domestic flights";"Total passengers on board at departure and arrival";13100;12790;11230;10554;11246;13160;12446;13822;13577;13918;14548;15467;15988;14150;13461;12745;13706;13742;12940;15705;15213;15343;14978;13513;14939;14716;12432;13931;12891;11992;14091;12261;15639;16105;15454;13804;14444;12855;11353;10516;11599;12599;12514;13407;13872;13771;12772;12677;13149;12435;10900;9276;10622;13319;11605;12279;13856;14618;12480;12440;13139;12187;11123;10020;10882;11609;11575;12816;13389;14448;12763;13120;12937;11484;10811;10821;10820;12655;9114;9368;10553;10772;10290;8963;9254;8650;8727;8462;9008;10216;10267;10473;11056;11263;9603;10241;10580;9649;8005;8285;7884;9497;10017;10900;10899;13379;11997;9429;10071;9030;8513;8312;8725;6109;5541;6807;11013;14605;10084;8676
"Brønnøysund Brønnøy";"Non-scheduled passenger flights";"Domestic flights";"Total passengers on board at departure and arrival";143;30;35;66;83;139;41;16;10;22;27;7;0;0;21;15;0;76;0;53;7;0;7;0;0;3;32;0;12;62;30;104;9;7;0;0;0;0;50;0;0;0;30;0;41;0;0;0;0;0;22;0;0;0;0;0;0;66;0;24;0;0;53;0;0;0;0;0;0;0;0;0;0;0;0;0;0;0;0;0;0;0;2;0;0;0;0;0;0;0;0;0;0;0;0;28;0;0;0;0;0;0;0;0;0;0;0;0;0;0;27;10;0;33;253;79;121;116;109;213
"Brønnøysund Brønnøy";"Freight";"Domestic flights";"Total passengers on board at departure and arrival";0;0;0;0;0;0;0;0;0;0;0;0;0;0;0;0;0;0;0;0;0;0;0;0;0;0;0;0;0;0;0;0;0;0;0;0;0;0;0;0;0;0;0;0;0;0;0;0;0;0;0;0;0;0;0;0;0;0;0;0;0;0;0;0;0;0;0;0;0;0;0;0;0;0;0;0;0;0;0;0;0;0;0;0;0;0;0;0;0;0;0;0;0;0;0;0;0;0;0;0;0;0;0;0;0;0;0;0;0;0;0;0;0;0;0;0;0;0;0;0
"Brønnøysund Brønnøy";"Helicopter, continental shelf";"Domestic flights";"Total passengers on board at departure and arrival";1595;1944;1733;1404;1675;2404;1749;1108;967;1498;2268;3215;3184;2613;2849;1521;1681;1802;1573;1838;2083;1974;1884;1750;2172;2673;2483;2658;1669;2069;2733;2873;3585;4092;3735;2999;2250;1601;1532;1740;1551;1613;1982;1916;1054;1252;990;968;1489;1346;1343;788;821;1452;997;1077;1017;699;767;932;802;710;652;533;616;657;1201;1369;1713;1591;1320;1437;1194;1124;988;1134;935;781;1035;802;1036;1171;1320;684;1017;1763;1439;1632;1718;2330;2259;2265;2011;2268;2303;2348;2029;1808;1416;1661;1368;1689;1934;1909;1207;2490;2631;2034;1826;2017;2040;2075;2549;1556;974;654;826;890;868;1377
"Brønnøysund Brønnøy";"Helicopter, other";"Domestic flights";"Total passengers on board at departure and arrival";0;1;0;0;0;0;0;5;0;0;4;0;0;0;2;0;0;0;1;0;1;0;1;0;0;3;1;0;44;0;3;12;0;0;24;0;0;0;0;0;0;0;0;7;1;12;0;0;18;1;0;0;0;0;0;0;0;0;26;0;6;0;0;0;0;0;15;0;0;0;0;0;0;0;17;0;0;0;0;0;0;0;2;0;0;0;0;0;0;0;0;0;19;2;3;0;0;0;0;0;0;0;3;0;0;1;0;8;0;0;0;2;0;0;0;0;0;0;0;0
"Brønnøysund Brønnøy";"Other commercial flights";"Domestic flights";"Total passengers on board at departure and arrival";0;0;0;0;0;0;0;0;0;0;0;0;0;0;0;0;0;0;0;0;0;0;0;0;0;0;0;0;0;0;0;0;0;0;0;0;0;0;0;0;0;0;0;0;0;0;0;0;0;0;0;0;0;0;0;0;0;0;0;0;0;0;0;0;0;0;0;0;0;0;0;0;0;0;0;0;0;0;0;0;0;0;0;0;0;0;0;0;0;0;0;0;0;0;0;0;0;0;0;0;0;0;0;0;0;0;0;0;0;0;0;0;0;0;0;0;0;0;0;0
"Båtsfjord";"All commercial flights";"Domestic flights";"Total passengers on board at departure and arrival";3498;3406;3120;2860;3248;3303;3235;3443;3479;3318;3556;3580;3637;3045;2800;3066;3244;3278;3091;3494;3037;3498;3874;3356;3677;3281;2984;2989;3349;3569;2818;1919;3640;3490;3632;3611;3777;2901;2910;3352;2883;3459;3316;3403;3668;3020;3551;3343;3245;3108;2934;3016;2594;3296;3191;3464;3739;3489;3432;3457;3960;3463;3197;3067;3141;1837;3597;3875;3593;2974;4000;4011;4122;3834;3551;3212;3234;3680;3311;3840;3672;3019;3544;3703;3966;3739;3250;3306;3292;3402;3555;3117;3226;3127;4095;3230;3672;3552;3084;3554;3034;3531;2943;3345;3536;3331;3308;3436;3621;2911;2849;3253;2938;2005;1100;2190;2171;2851;3078;4137
"Båtsfjord";"Scheduled passenger flights";"Domestic flights";"Total passengers on board at departure and arrival";3498;3406;3120;2860;3248;3303;3235;3443;3479;3318;3556;3580;3637;3045;2800;3066;3244;3278;3091;3494;3037;3498;3874;3356;3677;3281;2984;2989;3349;3569;2818;1919;3640;3490;3632;3611;3777;2901;2910;3352;2883;3459;3316;3403;3599;3020;3551;3343;3245;3108;2934;3016;2531;3241;3191;3464;3739;3489;3432;3457;3960;3463;3197;3067;3141;1837;3597;3875;3593;2974;4000;4011;4122;3834;3551;3212;3234;3680;3311;3840;3672;3019;3544;3646;3966;3739;3250;3306;3292;3402;3555;3117;3226;3127;4095;3230;3672;3552;3084;3554;3034;3531;2943;3345;3536;3331;3308;3436;3621;2911;2849;3253;2938;2005;1100;2190;2171;2851;3078;4137
"Båtsfjord";"Non-scheduled passenger flights";"Domestic flights";"Total passengers on board at departure and arrival";0;0;0;0;0;0;0;0;0;0;0;0;0;0;0;0;0;0;0;0;0;0;0;0;0;0;0;0;0;0;0;0;0;0;0;0;0;0;0;0;0;0;0;0;69;0;0;0;0;0;0;0;63;55;0;0;0;0;0;0;0;0;0;0;0;0;0;0;0;0;0;0;0;0;0;0;0;0;0;0;0;0;0;57;0;0;0;0;0;0;0;0;0;0;0;0;0;0;0;0;0;0;0;0;0;0;0;0;0;0;0;0;0;0;0;0;0;0;0;0
"Båtsfjord";"Freight";"Domestic flights";"Total passengers on board at departure and arrival";0;0;0;0;0;0;0;0;0;0;0;0;0;0;0;0;0;0;0;0;0;0;0;0;0;0;0;0;0;0;0;0;0;0;0;0;0;0;0;0;0;0;0;0;0;0;0;0;0;0;0;0;0;0;0;0;0;0;0;0;0;0;0;0;0;0;0;0;0;0;0;0;0;0;0;0;0;0;0;0;0;0;0;0;0;0;0;0;0;0;0;0;0;0;0;0;0;0;0;0;0;0;0;0;0;0;0;0;0;0;0;0;0;0;0;0;0;0;0;0
"Båtsfjord";"Helicopter, continental shelf";"Domestic flights";"Total passengers on board at departure and arrival";0;0;0;0;0;0;0;0;0;0;0;0;0;0;0;0;0;0;0;0;0;0;0;0;0;0;0;0;0;0;0;0;0;0;0;0;0;0;0;0;0;0;0;0;0;0;0;0;0;0;0;0;0;0;0;0;0;0;0;0;0;0;0;0;0;0;0;0;0;0;0;0;0;0;0;0;0;0;0;0;0;0;0;0;0;0;0;0;0;0;0;0;0;0;0;0;0;0;0;0;0;0;0;0;0;0;0;0;0;0;0;0;0;0;0;0;0;0;0;0
"Båtsfjord";"Helicopter, other";"Domestic flights";"Total passengers on board at departure and arrival";0;0;0;0;0;0;0;0;0;0;0;0;0;0;0;0;0;0;0;0;0;0;0;0;0;0;0;0;0;0;0;0;0;0;0;0;0;0;0;0;0;0;0;0;0;0;0;0;0;0;0;0;0;0;0;0;0;0;0;0;0;0;0;0;0;0;0;0;0;0;0;0;0;0;0;0;0;0;0;0;0;0;0;0;0;0;0;0;0;0;0;0;0;0;0;0;0;0;0;0;0;0;0;0;0;0;0;0;0;0;0;0;0;0;0;0;0;0;0;0
"Båtsfjord";"Other commercial flights";"Domestic flights";"Total passengers on board at departure and arrival";0;0;0;0;0;0;0;0;0;0;0;0;0;0;0;0;0;0;0;0;0;0;0;0;0;0;0;0;0;0;0;0;0;0;0;0;0;0;0;0;0;0;0;0;0;0;0;0;0;0;0;0;0;0;0;0;0;0;0;0;0;0;0;0;0;0;0;0;0;0;0;0;0;0;0;0;0;0;0;0;0;0;0;0;0;0;0;0;0;0;0;0;0;0;0;0;0;0;0;0;0;0;0;0;0;0;0;0;0;0;0;0;0;0;0;0;0;0;0;0
"Fagernes Leirin";"All commercial flights";"Domestic flights";"Total passengers on board at departure and arrival";209;326;225;307;300;625;337;271;259;265;298;407;350;343;295;335;427;322;268;197;236;176;237;285;263;264;155;235;261;261;316;210;290;218;235;216;435;338;248;337;331;378;374;237;247;249;274;354;304;270;182;239;289;369;303;181;244;205;253;263;308;266;186;171;262;258;0;0;0;0;0;0;0;0;4;0;0;0;0;0;0;69;0;0;83;0;0;0;0;0;0;0;0;0;0;0;0;0;0;0;0;0;0;0;0;0;0;0;0;0;0;0;0;0;0;0;0;0;0;0
"Fagernes Leirin";"Scheduled passenger flights";"Domestic flights";"Total passengers on board at departure and arrival";209;323;225;307;300;625;336;271;259;265;298;305;350;343;295;335;419;322;268;197;233;175;237;283;263;261;155;235;261;261;284;209;286;218;235;215;304;338;248;335;331;378;374;233;246;246;274;343;304;270;180;239;288;369;303;181;244;205;253;261;208;266;186;171;262;258;0;0;0;0;0;0;0;0;0;0;0;0;0;0;0;0;0;0;0;0;0;0;0;0;0;0;0;0;0;0;0;0;0;0;0;0;0;0;0;0;0;0;0;0;0;0;0;0;0;0;0;0;0;0
"Fagernes Leirin";"Non-scheduled passenger flights";"Domestic flights";"Total passengers on board at departure and arrival";0;0;0;0;0;0;0;0;0;0;0;102;0;0;0;0;8;0;0;0;0;0;0;0;0;3;0;0;0;0;32;0;0;0;0;1;131;0;0;2;0;0;0;4;1;3;0;11;0;0;2;0;1;0;0;0;0;0;0;2;100;0;0;0;0;0;0;0;0;0;0;0;0;0;4;0;0;0;0;0;0;69;0;0;83;0;0;0;0;0;0;0;0;0;0;0;0;0;0;0;0;0;0;0;0;0;0;0;0;0;0;0;0;0;0;0;0;0;0;0
"Fagernes Leirin";"Freight";"Domestic flights";"Total passengers on board at departure and arrival";0;3;0;0;0;0;0;0;0;0;0;0;0;0;0;0;0;0;0;0;0;0;0;0;0;0;0;0;0;0;0;0;0;0;0;0;0;0;0;0;0;0;0;0;0;0;0;0;0;0;0;0;0;0;0;0;0;0;0;0;0;0;0;0;0;0;0;0;0;0;0;0;0;0;0;0;0;0;0;0;0;0;0;0;0;0;0;0;0;0;0;0;0;0;0;0;0;0;0;0;0;0;0;0;0;0;0;0;0;0;0;0;0;0;0;0;0;0;0;0
"Fagernes Leirin";"Helicopter, continental shelf";"Domestic flights";"Total passengers on board at departure and arrival";0;0;0;0;0;0;0;0;0;0;0;0;0;0;0;0;0;0;0;0;0;0;0;0;0;0;0;0;0;0;0;0;0;0;0;0;0;0;0;0;0;0;0;0;0;0;0;0;0;0;0;0;0;0;0;0;0;0;0;0;0;0;0;0;0;0;0;0;0;0;0;0;0;0;0;0;0;0;0;0;0;0;0;0;0;0;0;0;0;0;0;0;0;0;0;0;0;0;0;0;0;0;0;0;0;0;0;0;0;0;0;0;0;0;0;0;0;0;0;0
"Fagernes Leirin";"Helicopter, other";"Domestic flights";"Total passengers on board at departure and arrival";0;0;0;0;0;0;1;0;0;0;0;0;0;0;0;0;0;0;0;0;3;1;0;2;0;0;0;0;0;0;0;1;4;0;0;0;0;0;0;0;0;0;0;0;0;0;0;0;0;0;0;0;0;0;0;0;0;0;0;0;0;0;0;0;0;0;0;0;0;0;0;0;0;0;0;0;0;0;0;0;0;0;0;0;0;0;0;0;0;0;0;0;0;0;0;0;0;0;0;0;0;0;0;0;0;0;0;0;0;0;0;0;0;0;0;0;0;0;0;0
"Fagernes Leirin";"Other commercial flights";"Domestic flights";"Total passengers on board at departure and arrival";0;0;0;0;0;0;0;0;0;0;0;0;0;0;0;0;0;0;0;0;0;0;0;0;0;0;0;0;0;0;0;0;0;0;0;0;0;0;0;0;0;0;0;0;0;0;0;0;0;0;0;0;0;0;0;0;0;0;0;0;0;0;0;0;0;0;0;0;0;0;0;0;0;0;0;0;0;0;0;0;0;0;0;0;0;0;0;0;0;0;0;0;0;0;0;0;0;0;0;0;0;0;0;0;0;0;0;0;0;0;0;0;0;0;0;0;0;0;0;0
"Florø";"All commercial flights";"Domestic flights";"Total passengers on board at departure and arrival";14133;13694;13105;12805;12485;13648;13314;14306;15654;11634;13654;14815;15187;14421;13927;13095;12630;14151;15427;18996;17787;14229;18012;17390;19174;16703;13918;15969;15418;16191;18036;17596;18713;16613;19763;18202;21011;18417;15259;17552;15700;18133;17747;18276;18787;17090;17622;18949;18389;17507;15608;15004;15037;17211;15566;14878;16093;14027;15533;15779;16756;14587;13229;13665;14158;13224;12080;12054;13530;11204;13354;14346;13103;13092;10490;11504;11027;13819;11612;14465;14358;10836;13201;13868;14782;13277;11147;13191;12269;12818;12390;12254;12608;12178;12385;12627;14646;12823;10471;11405;12001;12940;11713;12931;12603;12099;13810;14367;15907;15502;13998;15682;15084;10803;4583;5306;6685;9255;10574;10656
"Florø";"Scheduled passenger flights";"Domestic flights";"Total passengers on board at departure and arrival";10920;10172;9695;9455;9450;10105;10042;10665;11773;8223;9869;10797;11136;10474;9996;9542;9463;10520;12206;14614;14151;10533;13861;13247;14699;13100;10851;12319;11826;12187;13764;13240;14285;12105;15310;13970;15882;13838;11272;13053;11859;13609;12984;13284;14151;12091;12955;14133;13897;13076;11641;11310;11501;12997;11855;11503;12378;10203;12065;12236;12768;11114;9959;10251;10624;10148;9456;9588;10629;8580;9934;11147;10379;10211;8155;9316;8753;11199;9422;11447;11672;8554;10280;11137;12098;10614;8762;10262;9648;9879;9726;9470;9926;9488;9631;10085;11697;10274;8340;9047;9121;10117;8929;9867;9605;8849;10467;10807;11483;10899;9586;10974;10321;7002;3127;3741;4944;6226;7094;6988
"Florø";"Non-scheduled passenger flights";"Domestic flights";"Total passengers on board at departure and arrival";3;0;0;44;0;0;0;0;3;0;0;0;0;0;0;0;0;0;0;17;35;0;3;0;0;0;0;0;26;0;0;0;39;60;24;56;44;5;73;0;23;44;66;24;74;23;0;0;6;0;25;0;12;0;0;0;129;0;0;0;10;0;0;0;24;0;0;0;19;0;36;0;0;0;0;0;2;0;0;76;0;0;16;0;0;0;0;84;0;0;0;0;0;0;0;10;0;0;0;0;0;0;7;17;2;0;0;0;0;0;0;0;0;0;0;4;2;0;58;81
"Florø";"Freight";"Domestic flights";"Total passengers on board at departure and arrival";0;0;0;0;0;0;0;0;0;0;0;0;0;0;0;0;0;0;0;0;0;0;0;0;0;0;0;0;0;0;0;0;0;0;0;0;0;0;0;0;0;0;0;0;0;0;0;0;0;0;0;0;0;0;0;0;0;0;0;0;0;0;0;0;0;0;0;0;0;0;0;0;0;0;0;0;0;0;0;0;0;0;0;0;0;0;0;0;0;0;0;0;0;0;0;0;0;0;0;0;0;0;0;0;0;0;0;0;0;0;0;0;0;0;0;0;0;0;0;0
"Florø";"Helicopter, continental shelf";"Domestic flights";"Total passengers on board at departure and arrival";3210;3522;3410;3306;3035;3543;3272;3641;3878;3411;3766;4018;4032;3947;3931;3553;3167;3631;3221;4365;3601;3696;4148;4143;4475;3602;3067;3650;3565;4004;4272;4346;4362;4448;4429;4176;5073;4574;3912;4499;3818;4480;4697;4966;4562;4976;4667;4816;4486;4431;3942;3693;3524;4214;3711;3375;3586;3824;3468;3543;3978;3473;3270;3414;3506;3076;2624;2466;2882;2619;3384;3199;2724;2881;2333;2186;2272;2620;2190;2942;2671;2282;2905;2693;2684;2663;2385;2845;2621;2905;2664;2776;2682;2686;2754;2532;2949;2545;2118;2358;2868;2785;2777;3035;2952;3237;3339;3560;4408;4603;4410;4707;4763;3801;1456;1561;1731;3029;3422;3587
"Florø";"Helicopter, other";"Domestic flights";"Total passengers on board at departure and arrival";0;0;0;0;0;0;0;0;0;0;19;0;19;0;0;0;0;0;0;0;0;0;0;0;0;1;0;0;1;0;0;10;0;0;0;0;12;0;2;0;0;0;0;2;0;0;0;0;0;0;0;1;0;0;0;0;0;0;0;0;0;0;0;0;4;0;0;0;0;5;0;0;0;0;2;2;0;0;0;0;12;0;0;38;0;0;0;0;0;34;0;8;0;4;0;0;0;4;13;0;12;38;0;12;44;13;4;0;16;0;2;1;0;0;0;0;8;0;0;0
"Florø";"Other commercial flights";"Domestic flights";"Total passengers on board at departure and arrival";0;0;0;0;0;0;0;0;0;0;0;0;0;0;0;0;0;0;0;0;0;0;0;0;0;0;0;0;0;0;0;0;27;0;0;0;0;0;0;0;0;0;0;0;0;0;0;0;0;0;0;0;0;0;0;0;0;0;0;0;0;0;0;0;0;0;0;0;0;0;0;0;0;0;0;0;0;0;0;0;3;0;0;0;0;0;0;0;0;0;0;0;0;0;0;0;0;0;0;0;0;0;0;0;0;0;0;0;0;0;0;0;0;0;0;0;0;0;0;0
"Førde Bringeland";"All commercial flights";"Domestic flights";"Total passengers on board at departure and arrival";8288;8141;6436;6612;6845;7775;6539;8490;7313;6098;7897;8492;8604;8393;6368;7548;7682;7098;7376;8565;7051;6924;7851;8354;8743;8747;6864;8815;7338;7904;9016;7313;8147;5880;8057;8481;8025;8228;6408;7288;6893;7924;7678;7400;7962;5774;7158;8745;8855;7750;6676;6260;6567;8333;6988;7149;7339;5795;6901;7902;8245;8071;6674;6451;7136;7530;8020;7019;7773;6679;6779;8368;7722;7958;6314;6781;6912;8492;7318;7493;7810;6006;7386;8286;7867;8112;6924;7390;6749;7458;7829;7327;7615;6597;7604;8260;8640;7855;6184;7028;6529;8164;7502;7275;7355;6594;6697;7369;7646;7563;6129;6717;6228;2988;0;0;1610;2943;2879;3197
"Førde Bringeland";"Scheduled passenger flights";"Domestic flights";"Total passengers on board at departure and arrival";8288;8141;6436;6608;6845;7775;6539;8485;7309;6098;7897;8492;8604;8393;6368;7529;7682;7098;7376;8527;7051;6924;7851;8354;8743;8745;6864;8815;7338;7904;9016;7279;8142;5880;8057;8481;8025;8228;6408;7288;6893;7924;7678;7398;7911;5774;7158;8745;8855;7750;6676;6260;6567;8333;6988;7146;7338;5795;6861;7902;8245;8071;6674;6451;7136;7530;8020;7017;7771;6679;6776;8331;7722;7958;6314;6781;6912;8492;7318;7493;7803;6006;7386;8286;7867;8112;6924;7390;6749;7458;7829;7325;7613;6597;7604;8260;8640;7855;6184;7028;6529;8164;7502;7275;7355;6594;6697;7369;7646;7563;6129;6717;6228;2988;0;0;1610;2943;2879;3197
"Førde Bringeland";"Non-scheduled passenger flights";"Domestic flights";"Total passengers on board at departure and arrival";0;0;0;4;0;0;0;5;4;0;0;0;0;0;0;0;0;0;0;38;0;0;0;0;0;2;0;0;0;0;0;34;5;0;0;0;0;0;0;0;0;0;0;2;51;0;0;0;0;0;0;0;0;0;0;3;1;0;40;0;0;0;0;0;0;0;0;2;2;0;3;37;0;0;0;0;0;0;0;0;7;0;0;0;0;0;0;0;0;0;0;2;2;0;0;0;0;0;0;0;0;0;0;0;0;0;0;0;0;0;0;0;0;0;0;0;0;0;0;0
"Førde Bringeland";"Freight";"Domestic flights";"Total passengers on board at departure and arrival";0;0;0;0;0;0;0;0;0;0;0;0;0;0;0;0;0;0;0;0;0;0;0;0;0;0;0;0;0;0;0;0;0;0;0;0;0;0;0;0;0;0;0;0;0;0;0;0;0;0;0;0;0;0;0;0;0;0;0;0;0;0;0;0;0;0;0;0;0;0;0;0;0;0;0;0;0;0;0;0;0;0;0;0;0;0;0;0;0;0;0;0;0;0;0;0;0;0;0;0;0;0;0;0;0;0;0;0;0;0;0;0;0;0;0;0;0;0;0;0
"Førde Bringeland";"Helicopter, continental shelf";"Domestic flights";"Total passengers on board at departure and arrival";0;0;0;0;0;0;0;0;0;0;0;0;0;0;0;19;0;0;0;0;0;0;0;0;0;0;0;0;0;0;0;0;0;0;0;0;0;0;0;0;0;0;0;0;0;0;0;0;0;0;0;0;0;0;0;0;0;0;0;0;0;0;0;0;0;0;0;0;0;0;0;0;0;0;0;0;0;0;0;0;0;0;0;0;0;0;0;0;0;0;0;0;0;0;0;0;0;0;0;0;0;0;0;0;0;0;0;0;0;0;0;0;0;0;0;0;0;0;0;0
"Førde Bringeland";"Helicopter, other";"Domestic flights";"Total passengers on board at departure and arrival";0;0;0;0;0;0;0;0;0;0;0;0;0;0;0;0;0;0;0;0;0;0;0;0;0;0;0;0;0;0;0;0;0;0;0;0;0;0;0;0;0;0;0;0;0;0;0;0;0;0;0;0;0;0;0;0;0;0;0;0;0;0;0;0;0;0;0;0;0;0;0;0;0;0;0;0;0;0;0;0;0;0;0;0;0;0;0;0;0;0;0;0;0;0;0;0;0;0;0;0;0;0;0;0;0;0;0;0;0;0;0;0;0;0;0;0;0;0;0;0
"Førde Bringeland";"Other commercial flights";"Domestic flights";"Total passengers on board at departure and arrival";0;0;0;0;0;0;0;0;0;0;0;0;0;0;0;0;0;0;0;0;0;0;0;0;0;0;0;0;0;0;0;0;0;0;0;0;0;0;0;0;0;0;0;0;0;0;0;0;0;0;0;0;0;0;0;0;0;0;0;0;0;0;0;0;0;0;0;0;0;0;0;0;0;0;0;0;0;0;0;0;0;0;0;0;0;0;0;0;0;0;0;0;0;0;0;0;0;0;0;0;0;0;0;0;0;0;0;0;0;0;0;0;0;0;0;0;0;0;0;0
"Hammerfest";"All commercial flights";"Domestic flights";"Total passengers on board at departure and arrival";14887;14871;12380;12551;13382;14705;14489;17219;16809;13946;15695;16898;15458;13007;11642;11539;12818;14123;12676;14618;14175;15730;15439;14925;17307;17778;12502;13600;12761;15895;15490;14228;19160;18906;19064;20329;20132;15975;12465;16237;15494;18470;17433;19000;20439;16590;16241;17626;15450;14627;11570;12258;11387;14640;16133;17794;19472;18250;18709;20222;21432;19161;14143;17127;18004;15314;16839;16123;17260;15178;17371;18050;17451;18064;14781;15377;15724;19442;17587;20973;22170;17048;20612;21781;21407;20030;14123;14541;13549;15549;17216;17581;18604;17516;20432;19973;21513;16862;13704;14866;14586;15001;14814;16393;16766;14584;14597;16303;17437;14473;13164;12674;11899;8615;5048;7736;11628;13199;13515;17700
"Hammerfest";"Scheduled passenger flights";"Domestic flights";"Total passengers on board at departure and arrival";14733;14651;12107;12291;13153;14404;14132;16373;15823;13061;14912;16084;15164;12624;11392;11249;12510;13820;12391;14516;14014;15632;14923;14600;16478;16639;12201;13267;12531;15001;14337;12534;17429;16682;16785;18164;18071;15107;11746;14937;13800;16716;15431;16840;17494;14203;14324;15643;13656;13747;10873;11622;10836;13725;14476;14922;16418;14664;15137;16528;17580;16451;12402;14812;15321;13048;15211;14847;15934;13706;15564;16285;16012;16367;13079;13720;14189;17195;15516;18622;19792;14713;17699;18394;18555;17783;12902;13551;13049;14965;15998;15024;16842;15303;17342;16337;17804;15356;12757;13593;13116;14224;14016;15619;15736;12977;13874;15290;16656;13891;12062;11495;10906;7733;4503;7307;10719;11978;12550;16469
"Hammerfest";"Non-scheduled passenger flights";"Domestic flights";"Total passengers on board at departure and arrival";0;0;0;0;0;0;0;0;0;18;0;56;0;39;0;0;0;0;0;78;0;0;0;0;0;0;0;0;0;0;0;13;0;0;0;1;0;0;116;0;0;0;0;0;20;0;0;0;0;9;0;0;0;0;0;0;0;0;0;0;0;0;0;33;0;0;0;22;1;0;0;0;0;0;0;0;0;0;0;66;0;0;0;0;0;0;93;0;0;0;0;0;0;0;18;0;0;0;0;0;0;0;0;0;0;0;0;0;0;40;0;0;0;0;0;0;0;0;0;0
"Hammerfest";"Freight";"Domestic flights";"Total passengers on board at departure and arrival";0;0;0;0;0;0;0;0;0;0;0;0;0;0;0;0;0;0;0;0;0;0;0;0;0;0;0;0;0;0;0;0;0;0;0;0;0;0;0;0;0;0;0;0;0;0;0;0;0;0;0;0;0;0;0;0;0;0;0;0;0;0;0;0;0;0;0;0;0;0;0;0;0;0;0;0;0;0;0;0;0;0;0;0;0;0;0;0;0;0;0;0;0;0;0;0;0;0;0;0;0;0;0;0;0;0;0;0;0;0;0;0;0;0;0;0;0;0;0;0
"Hammerfest";"Helicopter, continental shelf";"Domestic flights";"Total passengers on board at departure and arrival";153;220;273;260;229;301;356;846;986;867;783;757;294;344;248;290;308;303;285;23;161;98;515;323;829;1138;301;333;230;894;1142;1681;1731;2224;2267;2164;2061;868;603;1300;1694;1754;2002;2158;2924;2379;1916;1983;1790;870;697;636;551;915;1603;2863;3042;3580;3559;3681;3677;2709;1741;2278;2683;2265;1626;1254;1314;1402;1709;1652;1287;1569;1606;1559;1524;2243;2071;2285;2378;2334;2898;3386;2852;2247;1128;990;500;571;1218;2556;1762;2196;3072;3634;3709;1506;947;1273;1466;777;797;774;1027;1603;723;1013;781;542;1102;1178;993;882;545;429;909;1220;965;1231
"Hammerfest";"Helicopter, other";"Domestic flights";"Total passengers on board at departure and arrival";1;0;0;0;0;0;1;0;0;0;0;1;0;0;2;0;0;0;0;1;0;0;1;0;0;1;0;0;0;0;11;0;0;0;12;0;0;0;0;0;0;0;0;2;1;8;1;0;4;1;0;0;0;0;54;9;12;6;13;13;175;1;0;4;0;1;2;0;11;70;98;113;152;128;96;98;11;4;0;0;0;1;15;1;0;0;0;0;0;13;0;1;0;17;0;2;0;0;0;0;4;0;1;0;3;4;0;0;0;0;0;1;0;0;0;0;0;1;0;0
"Hammerfest";"Other commercial flights";"Domestic flights";"Total passengers on board at departure and arrival";0;0;0;0;0;0;0;0;0;0;0;0;0;0;0;0;0;0;0;0;0;0;0;2;0;0;0;0;0;0;0;0;0;0;0;0;0;0;0;0;0;0;0;0;0;0;0;0;0;0;0;0;0;0;0;0;0;0;0;0;0;0;0;0;0;0;0;0;0;0;0;0;0;0;0;0;0;0;0;0;0;0;0;0;0;0;0;0;0;0;0;0;0;0;0;0;0;0;0;0;0;0;0;0;0;0;0;0;0;0;0;0;0;0;0;0;0;0;0;0
"Harstad/Narvik Evenes";"All commercial flights";"Domestic flights";"Total passengers on board at departure and arrival";45290;40492;38512;36001;35693;46765;44333;50868;57958;63418;57401;48636;48761;40217;38069;36808;40293;49573;45633;56757;57868;68296;58964;49714;52274;45241;42001;39829;41446;46891;51258;56061;60868;70881;61041;53839;55009;47916;47631;44161;45301;54030;53600;55930;68438;77237;63124;56965;56386;45097;46787;40333;42579;50802;51944;60089;68857;76282;65285;56713;55995;49763;45802;42975;48638;56406;52209;60654;69324;75019;67606;60051;55201;47564;49214;44812;47507;60277;57542;64235;71444;77611;72420;61360;60593;51329;48876;45867;51663;58996;59684;62734;69040;81251;75003;63309;61107;51088;49151;47968;50151;62051;56590;60814;71841;82790;73473;64195;61976;52289;51263;50025;54182;32367;7734;14033;25147;57595;41072;34122
"Harstad/Narvik Evenes";"Scheduled passenger flights";"Domestic flights";"Total passengers on board at departure and arrival";45290;40492;38512;35774;35483;46765;44333;50787;57457;63127;57234;48636;48694;40013;38064;36808;40181;49453;45633;56626;57858;68296;58963;49714;51477;44021;40725;38663;39290;45471;51034;56061;60750;70881;60898;53839;54214;45912;45377;42012;43720;52171;52525;55930;68438;77226;63122;56948;55817;44755;46787;39767;42371;50587;51922;59745;68794;76282;65284;56713;55747;49595;45802;42910;48360;56266;51748;60654;69324;75019;67603;60036;55021;47564;49043;44767;47174;59589;57170;64230;71225;77611;72402;61351;60593;51246;48660;45867;51154;58996;59676;62518;69040;81226;74991;62888;61031;51088;49151;47375;49829;62051;56590;60814;71841;82573;73446;64195;61533;51786;51263;49292;53911;31828;6806;12938;24044;57000;40765;34122
"Harstad/Narvik Evenes";"Non-scheduled passenger flights";"Domestic flights";"Total passengers on board at departure and arrival";0;0;0;227;210;0;0;81;501;291;167;0;67;204;1;0;112;120;0;131;10;0;1;0;797;1220;1276;1166;2156;1420;224;0;118;0;143;0;795;2002;2254;2149;1581;1859;1075;0;0;11;0;17;569;342;0;566;208;215;22;344;63;0;1;0;242;168;0;65;278;140;461;0;0;0;3;15;180;0;171;45;333;688;372;5;219;0;18;9;0;83;216;0;509;0;8;216;0;25;12;421;76;0;0;593;322;0;0;0;0;217;23;0;443;503;0;732;271;539;928;1095;1103;595;307;0
"Harstad/Narvik Evenes";"Freight";"Domestic flights";"Total passengers on board at departure and arrival";0;0;0;0;0;0;0;0;0;0;0;0;0;0;0;0;0;0;0;0;0;0;0;0;0;0;0;0;0;0;0;0;0;0;0;0;0;2;0;0;0;0;0;0;0;0;0;0;0;0;0;0;0;0;0;0;0;0;0;0;0;0;0;0;0;0;0;0;0;0;0;0;0;0;0;0;0;0;0;0;0;0;0;0;0;0;0;0;0;0;0;0;0;0;0;0;0;0;0;0;0;0;0;0;0;0;0;0;0;0;0;0;0;0;0;0;0;0;0;0
"Harstad/Narvik Evenes";"Helicopter, continental shelf";"Domestic flights";"Total passengers on board at departure and arrival";0;0;0;0;0;0;0;0;0;0;0;0;0;0;0;0;0;0;0;0;0;0;0;0;0;0;0;0;0;0;0;0;0;0;0;0;0;0;0;0;0;0;0;0;0;0;0;0;0;0;0;0;0;0;0;0;0;0;0;0;0;0;0;0;0;0;0;0;0;0;0;0;0;0;0;0;0;0;0;0;0;0;0;0;0;0;0;0;0;0;0;0;0;0;0;0;0;0;0;0;0;0;0;0;0;0;0;0;0;0;0;0;0;0;0;0;0;0;0;0
"Harstad/Narvik Evenes";"Helicopter, other";"Domestic flights";"Total passengers on board at departure and arrival";0;0;0;0;0;0;0;0;0;0;0;0;0;0;4;0;0;0;0;0;0;0;0;0;0;0;0;0;0;0;0;0;0;0;0;0;0;0;0;0;0;0;0;0;0;0;2;0;0;0;0;0;0;0;0;0;0;0;0;0;6;0;0;0;0;0;0;0;0;0;0;0;0;0;0;0;0;0;0;0;0;0;0;0;0;0;0;0;0;0;0;0;0;0;0;0;0;0;0;0;0;0;0;0;0;0;0;0;0;0;0;0;0;0;0;0;0;0;0;0
"Harstad/Narvik Evenes";"Other commercial flights";"Domestic flights";"Total passengers on board at departure and arrival";0;0;0;0;0;0;0;0;0;0;0;0;0;0;0;0;0;0;0;0;0;0;0;0;0;0;0;0;0;0;0;0;0;0;0;0;0;0;0;0;0;0;0;0;0;0;0;0;0;0;0;0;0;0;0;0;0;0;0;0;0;0;0;0;0;0;0;0;0;0;0;0;0;0;0;0;0;0;0;0;0;0;0;0;0;0;0;0;0;0;0;0;0;0;0;0;0;0;0;0;0;0;0;0;0;0;4;0;0;0;0;1;0;0;0;0;0;0;0;0
"Hasvik";"All commercial flights";"Domestic flights";"Total passengers on board at departure and arrival";1849;1757;1728;1636;1766;1941;2126;2173;2396;1923;2124;2078;2154;1938;1945;2075;1863;1946;1845;1878;1921;2306;1934;1928;2309;2029;1691;1790;1543;2058;2069;1892;1919;2605;2196;2122;1850;1751;1375;1877;1817;1863;1516;1499;1859;2030;1916;1853;1921;1555;1551;1494;1454;1840;1739;1809;1915;2029;1725;1810;1819;1815;1281;1401;1663;1877;1786;1685;1841;1560;1814;1951;1724;1745;1600;1305;1416;2152;3337;3778;3773;3457;3708;3583;3824;3347;2384;2852;2585;3172;3622;3814;3726;3881;4010;3527;4106;3143;2633;3430;3185;3775;3502;3762;3966;4263;3613;3606;3544;2769;2699;3388;3213;2607;1147;1600;2488;4182;3627;4508
"Hasvik";"Scheduled passenger flights";"Domestic flights";"Total passengers on board at departure and arrival";1848;1757;1728;1636;1766;1941;2126;2173;2396;1923;2124;2078;2154;1938;1945;2075;1863;1946;1845;1878;1921;2306;1934;1928;2309;2029;1691;1790;1543;2058;2069;1892;1919;2605;2196;2122;1850;1751;1375;1877;1817;1863;1516;1499;1859;2030;1916;1853;1921;1555;1551;1494;1454;1840;1739;1809;1915;2029;1725;1810;1819;1815;1281;1401;1663;1877;1786;1685;1841;1560;1814;1951;1724;1745;1600;1305;1416;2152;3337;3778;3773;3457;3708;3583;3824;3347;2384;2852;2585;3172;3622;3814;3726;3881;4010;3527;4106;3143;2633;3430;3185;3775;3502;3762;3966;4263;3609;3606;3544;2769;2699;3388;3213;2607;1147;1600;2488;4182;3627;4508
"Hasvik";"Non-scheduled passenger flights";"Domestic flights";"Total passengers on board at departure and arrival";0;0;0;0;0;0;0;0;0;0;0;0;0;0;0;0;0;0;0;0;0;0;0;0;0;0;0;0;0;0;0;0;0;0;0;0;0;0;0;0;0;0;0;0;0;0;0;0;0;0;0;0;0;0;0;0;0;0;0;0;0;0;0;0;0;0;0;0;0;0;0;0;0;0;0;0;0;0;0;0;0;0;0;0;0;0;0;0;0;0;0;0;0;0;0;0;0;0;0;0;0;0;0;0;0;0;4;0;0;0;0;0;0;0;0;0;0;0;0;0
"Hasvik";"Freight";"Domestic flights";"Total passengers on board at departure and arrival";0;0;0;0;0;0;0;0;0;0;0;0;0;0;0;0;0;0;0;0;0;0;0;0;0;0;0;0;0;0;0;0;0;0;0;0;0;0;0;0;0;0;0;0;0;0;0;0;0;0;0;0;0;0;0;0;0;0;0;0;0;0;0;0;0;0;0;0;0;0;0;0;0;0;0;0;0;0;0;0;0;0;0;0;0;0;0;0;0;0;0;0;0;0;0;0;0;0;0;0;0;0;0;0;0;0;0;0;0;0;0;0;0;0;0;0;0;0;0;0
"Hasvik";"Helicopter, continental shelf";"Domestic flights";"Total passengers on board at departure and arrival";0;0;0;0;0;0;0;0;0;0;0;0;0;0;0;0;0;0;0;0;0;0;0;0;0;0;0;0;0;0;0;0;0;0;0;0;0;0;0;0;0;0;0;0;0;0;0;0;0;0;0;0;0;0;0;0;0;0;0;0;0;0;0;0;0;0;0;0;0;0;0;0;0;0;0;0;0;0;0;0;0;0;0;0;0;0;0;0;0;0;0;0;0;0;0;0;0;0;0;0;0;0;0;0;0;0;0;0;0;0;0;0;0;0;0;0;0;0;0;0
"Hasvik";"Helicopter, other";"Domestic flights";"Total passengers on board at departure and arrival";1;0;0;0;0;0;0;0;0;0;0;0;0;0;0;0;0;0;0;0;0;0;0;0;0;0;0;0;0;0;0;0;0;0;0;0;0;0;0;0;0;0;0;0;0;0;0;0;0;0;0;0;0;0;0;0;0;0;0;0;0;0;0;0;0;0;0;0;0;0;0;0;0;0;0;0;0;0;0;0;0;0;0;0;0;0;0;0;0;0;0;0;0;0;0;0;0;0;0;0;0;0;0;0;0;0;0;0;0;0;0;0;0;0;0;0;0;0;0;0
"Hasvik";"Other commercial flights";"Domestic flights";"Total passengers on board at departure and arrival";0;0;0;0;0;0;0;0;0;0;0;0;0;0;0;0;0;0;0;0;0;0;0;0;0;0;0;0;0;0;0;0;0;0;0;0;0;0;0;0;0;0;0;0;0;0;0;0;0;0;0;0;0;0;0;0;0;0;0;0;0;0;0;0;0;0;0;0;0;0;0;0;0;0;0;0;0;0;0;0;0;0;0;0;0;0;0;0;0;0;0;0;0;0;0;0;0;0;0;0;0;0;0;0;0;0;0;0;0;0;0;0;0;0;0;0;0;0;0;0
"Haugesund Karmøy";"All commercial flights";"Domestic flights";"Total passengers on board at departure and arrival";39482;38709;33114;32379;34095;42035;34689;40276;37089;26369;35902;40501;43631;41176;33468;34391;37107;38415;34294;41046;35455;25335;36897;40447;43685;43050;33262;34069;36585;38086;43191;41295;38927;26717;36598;41728;44356;43228;33926;35879;35216;40337;38189;40156;40170;27375;36798;42740;45354;40546;35080;33698;35473;40577;37715;39304;39854;29106;37662;42035;42549;43471;34388;32889;38567;37789;40169;42422;39644;26996;38852;43670;42708;42442;36609;35585;37035;44507;38160;43745;41621;28985;39817;44214;47967;45392;37018;36858;38117;40971;42379;43226;40080;27943;39457;42660;44939;44866;36217;36019;37472;43923;36928;41065;41467;30945;38081;44187;46827;43289;39682;36397;36745;19936;4393;7362;10892;15117;14710;17169
"Haugesund Karmøy";"Scheduled passenger flights";"Domestic flights";"Total passengers on board at departure and arrival";39385;38172;32963;32011;33731;40792;34296;40248;36966;26360;34967;40412;42825;40283;33463;34391;36811;37815;33642;40717;35352;25183;36138;40128;43122;42223;33237;34034;36471;37381;42888;40803;38475;25622;35453;41216;44246;43036;33847;35837;35140;40073;37901;39736;39801;26956;36150;42556;45144;40419;35041;33661;35424;40149;36741;38998;39479;28788;36236;41486;41930;42960;33832;32662;38556;37733;39867;41657;39366;26882;38595;43265;42514;42433;36136;35570;36989;44489;37888;42986;40679;28468;39529;43545;47567;45370;37018;36858;38117;40791;42102;42563;39698;27890;39457;42015;44427;44765;36199;36019;37469;43861;36544;40272;41209;30945;37969;43732;46577;43124;39256;36397;36745;19894;4327;7362;10816;14917;14598;17121
"Haugesund Karmøy";"Non-scheduled passenger flights";"Domestic flights";"Total passengers on board at departure and arrival";97;537;151;368;364;1243;393;28;123;9;935;89;806;867;5;0;296;600;652;329;103;152;755;319;563;827;25;35;114;705;303;492;434;1095;1113;512;110;137;79;42;76;264;288;420;369;419;648;184;209;127;39;37;49;368;974;306;329;318;1426;549;619;511;556;227;11;56;302;765;278;114;257;405;194;9;473;15;46;18;272;759;942;517;288;669;400;22;0;0;0;180;277;649;382;53;0;645;512;93;18;0;3;62;384;793;258;0;112;455;250;165;426;0;0;42;66;0;76;200;112;48
"Haugesund Karmøy";"Freight";"Domestic flights";"Total passengers on board at departure and arrival";0;0;0;0;0;0;0;0;0;0;0;0;0;0;0;0;0;0;0;0;0;0;0;0;0;0;0;0;0;0;0;0;0;0;0;0;0;0;0;0;0;0;0;0;0;0;0;0;0;0;0;0;0;0;0;0;0;0;0;0;0;0;0;0;0;0;0;0;0;0;0;0;0;0;0;0;0;0;0;0;0;0;0;0;0;0;0;0;0;0;0;0;0;0;0;0;0;0;0;0;0;0;0;0;0;0;0;0;0;0;0;0;0;0;0;0;0;0;0;0
"Haugesund Karmøy";"Helicopter, continental shelf";"Domestic flights";"Total passengers on board at departure and arrival";0;0;0;0;0;0;0;0;0;0;0;0;0;16;0;0;0;0;0;0;0;0;0;0;0;0;0;0;0;0;0;0;18;0;32;0;0;55;0;0;0;0;0;0;0;0;0;0;1;0;0;0;0;60;0;0;46;0;0;0;0;0;0;0;0;0;0;0;0;0;0;0;0;0;0;0;0;0;0;0;0;0;0;0;0;0;0;0;0;0;0;14;0;0;0;0;0;8;0;0;0;0;0;0;0;0;0;0;0;0;0;0;0;0;0;0;0;0;0;0
"Haugesund Karmøy";"Helicopter, other";"Domestic flights";"Total passengers on board at departure and arrival";0;0;0;0;0;0;0;0;0;0;0;0;0;10;0;0;0;0;0;0;0;0;0;0;0;0;0;0;0;0;0;0;0;0;0;0;0;0;0;0;0;0;0;0;0;0;0;0;0;0;0;0;0;0;0;0;0;0;0;0;0;0;0;0;0;0;0;0;0;0;0;0;0;0;0;0;0;0;0;0;0;0;0;0;0;0;0;0;0;0;0;0;0;0;0;0;0;0;0;0;0;0;0;0;0;0;0;0;0;0;0;0;0;0;0;0;0;0;0;0
"Haugesund Karmøy";"Other commercial flights";"Domestic flights";"Total passengers on board at departure and arrival";0;0;0;0;0;0;0;0;0;0;0;0;0;0;0;0;0;0;0;0;0;0;4;0;0;0;0;0;0;0;0;0;0;0;0;0;0;0;0;0;0;0;0;0;0;0;0;0;0;0;0;0;0;0;0;0;0;0;0;0;0;0;0;0;0;0;0;0;0;0;0;0;0;0;0;0;0;0;0;0;0;0;0;0;0;0;0;0;0;0;0;0;0;0;0;0;0;0;0;0;0;0;0;0;0;0;0;0;0;0;0;0;0;0;0;0;0;0;0;0
"Honningsvåg Valan";"All commercial flights";"Domestic flights";"Total passengers on board at departure and arrival";3699;3649;2533;2632;2553;2864;3048;3613;3560;3067;3537;3696;3048;3034;2303;2003;1812;2863;2866;3165;3309;3593;3450;2868;3569;3365;2381;2979;3002;2857;1795;463;3606;3116;3464;3690;3630;3031;2287;2955;2302;3134;3162;3021;3456;2658;3093;3462;2749;3136;2055;2275;1989;2305;3075;3036;3502;3177;2921;3258;3828;3218;2288;2696;2875;2301;3144;3222;3803;3142;3524;3674;3339;3226;2138;2867;2806;3411;2905;3702;3848;2686;3439;3058;3214;3281;2528;2646;2162;3459;3505;2627;3506;3218;3514;2941;3423;3350;2591;2921;2795;3019;2860;3549;3556;3286;3095;3114;3695;2820;2503;2534;2488;1760;1275;1137;2762;2547;3123;4022
"Honningsvåg Valan";"Scheduled passenger flights";"Domestic flights";"Total passengers on board at departure and arrival";3699;3645;2533;2632;2553;2864;3048;3613;3560;3065;3537;3696;3012;3034;2303;2003;1812;2863;2866;3165;3309;3593;3450;2868;3569;3365;2381;2979;2952;2857;1795;463;3606;3085;3464;3690;3630;3031;2287;2955;2302;3134;3162;3021;3416;2658;3085;3462;2749;3136;2055;2275;1989;2305;3075;3036;3502;3177;2862;3258;3828;3218;2288;2696;2875;2301;3144;3222;3803;3137;3524;3674;3339;3226;2138;2867;2806;3399;2905;3702;3848;2686;3439;3058;3214;3281;2528;2646;2162;3459;3505;2627;3481;3218;3514;2941;3423;3350;2591;2921;2795;2985;2860;3549;3556;3286;3095;3114;3695;2820;2503;2534;2488;1760;1275;1137;2762;2547;3123;4022
"Honningsvåg Valan";"Non-scheduled passenger flights";"Domestic flights";"Total passengers on board at departure and arrival";0;0;0;0;0;0;0;0;0;0;0;0;36;0;0;0;0;0;0;0;0;0;0;0;0;0;0;0;50;0;0;0;0;31;0;0;0;0;0;0;0;0;0;0;40;0;0;0;0;0;0;0;0;0;0;0;0;0;59;0;0;0;0;0;0;0;0;0;0;5;0;0;0;0;0;0;0;12;0;0;0;0;0;0;0;0;0;0;0;0;0;0;25;0;0;0;0;0;0;0;0;34;0;0;0;0;0;0;0;0;0;0;0;0;0;0;0;0;0;0
"Honningsvåg Valan";"Freight";"Domestic flights";"Total passengers on board at departure and arrival";0;0;0;0;0;0;0;0;0;0;0;0;0;0;0;0;0;0;0;0;0;0;0;0;0;0;0;0;0;0;0;0;0;0;0;0;0;0;0;0;0;0;0;0;0;0;0;0;0;0;0;0;0;0;0;0;0;0;0;0;0;0;0;0;0;0;0;0;0;0;0;0;0;0;0;0;0;0;0;0;0;0;0;0;0;0;0;0;0;0;0;0;0;0;0;0;0;0;0;0;0;0;0;0;0;0;0;0;0;0;0;0;0;0;0;0;0;0;0;0
"Honningsvåg Valan";"Helicopter, continental shelf";"Domestic flights";"Total passengers on board at departure and arrival";0;0;0;0;0;0;0;0;0;0;0;0;0;0;0;0;0;0;0;0;0;0;0;0;0;0;0;0;0;0;0;0;0;0;0;0;0;0;0;0;0;0;0;0;0;0;8;0;0;0;0;0;0;0;0;0;0;0;0;0;0;0;0;0;0;0;0;0;0;0;0;0;0;0;0;0;0;0;0;0;0;0;0;0;0;0;0;0;0;0;0;0;0;0;0;0;0;0;0;0;0;0;0;0;0;0;0;0;0;0;0;0;0;0;0;0;0;0;0;0
"Honningsvåg Valan";"Helicopter, other";"Domestic flights";"Total passengers on board at departure and arrival";0;0;0;0;0;0;0;0;0;0;0;0;0;0;0;0;0;0;0;0;0;0;0;0;0;0;0;0;0;0;0;0;0;0;0;0;0;0;0;0;0;0;0;0;0;0;0;0;0;0;0;0;0;0;0;0;0;0;0;0;0;0;0;0;0;0;0;0;0;0;0;0;0;0;0;0;0;0;0;0;0;0;0;0;0;0;0;0;0;0;0;0;0;0;0;0;0;0;0;0;0;0;0;0;0;0;0;0;0;0;0;0;0;0;0;0;0;0;0;0
"Honningsvåg Valan";"Other commercial flights";"Domestic flights";"Total passengers on board at departure and arrival";0;4;0;0;0;0;0;0;0;2;0;0;0;0;0;0;0;0;0;0;0;0;0;0;0;0;0;0;0;0;0;0;0;0;0;0;0;0;0;0;0;0;0;0;0;0;0;0;0;0;0;0;0;0;0;0;0;0;0;0;0;0;0;0;0;0;0;0;0;0;0;0;0;0;0;0;0;0;0;0;0;0;0;0;0;0;0;0;0;0;0;0;0;0;0;0;0;0;0;0;0;0;0;0;0;0;0;0;0;0;0;0;0;0;0;0;0;0;0;0
"Kirkenes Høybuktmoen";"All commercial flights";"Domestic flights";"Total passengers on board at departure and arrival";24439;20366;17979;18716;20440;24949;22895;26851;29390;30395;30601;27857;26076;21052;20994;20227;23255;27225;22559;28863;28547;31154;31054;26791;25163;21747;20483;19637;21585;23092;25467;27150;29374;31574;29826;29633;26769;21980;20021;20241;21115;25212;24602;27210;31392;30906;29776;30366;26279;22693;20165;20173;21330;24210;23770;28170;31490;31681;29895;28009;27404;25478;23850;19991;23285;22483;24207;29332;30404;30714;31535;29121;27083;22798;22777;22631;24278;26918;24879;27768;31455;30982;31958;28035;26445;22097;23103;22215;22737;25188;25667;27986;29231;31145;31356;28102;27114;23085;23925;22737;24707;25436;24698;29066;30415;30963;30188;29157;26780;20784;22752;22757;22233;11803;2854;5772;11984;21739;18677;17627
"Kirkenes Høybuktmoen";"Scheduled passenger flights";"Domestic flights";"Total passengers on board at departure and arrival";24300;20077;17979;18368;20435;24949;22679;26676;29100;29773;30601;27269;25223;20782;20852;19570;22971;26501;22260;28468;28416;30899;31020;26392;25137;21178;20350;19145;21585;22350;25209;26599;29367;30923;29821;29075;25954;21980;19774;19618;21115;24805;23709;26924;30737;30753;29642;29952;25692;22405;19705;19485;21330;23768;23445;27988;31170;31362;29895;27849;25512;23012;21905;19597;22767;21558;23263;28057;30113;30535;31395;28868;26900;22150;22395;22193;24278;26918;24879;27768;31233;30982;31355;27803;26406;21764;23036;22215;22737;25188;25653;27986;28950;31145;31356;28102;27114;23079;23113;21871;24522;25436;24698;28676;29842;30963;30188;29157;26780;20772;22253;22102;22233;11692;2854;5668;11853;21739;18554;17627
"Kirkenes Høybuktmoen";"Non-scheduled passenger flights";"Domestic flights";"Total passengers on board at departure and arrival";139;289;0;348;5;0;216;175;290;622;0;588;853;270;142;657;284;724;299;395;131;255;33;399;26;569;133;489;0;742;258;551;7;651;5;558;815;0;247;623;0;407;893;286;655;153;134;414;587;288;460;688;0;442;325;182;320;319;0;160;1892;2279;1439;288;518;925;944;1275;291;179;140;253;183;648;382;438;0;0;0;0;222;0;118;0;39;333;67;0;0;0;14;0;281;0;0;0;0;6;716;449;185;0;0;0;257;0;0;0;0;12;499;655;0;111;0;104;131;0;123;0
"Kirkenes Høybuktmoen";"Freight";"Domestic flights";"Total passengers on board at departure and arrival";0;0;0;0;0;0;0;0;0;0;0;0;0;0;0;0;0;0;0;0;0;0;0;0;0;0;0;0;0;0;0;0;0;0;0;0;0;0;0;0;0;0;0;0;0;0;0;0;0;0;0;0;0;0;0;0;0;0;0;0;0;0;0;0;0;0;0;0;0;0;0;0;0;0;0;0;0;0;0;0;0;0;0;0;0;0;0;0;0;0;0;0;0;0;0;0;0;0;0;0;0;0;0;0;0;0;0;0;0;0;0;0;0;0;0;0;0;0;0;0
"Kirkenes Høybuktmoen";"Helicopter, continental shelf";"Domestic flights";"Total passengers on board at departure and arrival";0;0;0;0;0;0;0;0;0;0;0;0;0;0;0;0;0;0;0;0;0;0;0;0;0;0;0;0;0;0;0;0;0;0;0;0;0;0;0;0;0;0;0;0;0;0;0;0;0;0;0;0;0;0;0;0;0;0;0;0;0;178;500;104;0;0;0;0;0;0;0;0;0;0;0;0;0;0;0;0;0;0;464;63;0;0;0;0;0;0;0;0;0;0;0;0;0;0;96;415;0;0;0;390;316;0;0;0;0;0;0;0;0;0;0;0;0;0;0;0
"Kirkenes Høybuktmoen";"Helicopter, other";"Domestic flights";"Total passengers on board at departure and arrival";0;0;0;0;0;0;0;0;0;0;0;0;0;0;0;0;0;0;0;0;0;0;0;0;0;0;0;0;0;0;0;0;0;0;0;0;0;0;0;0;0;0;0;0;0;0;0;0;0;0;0;0;0;0;0;0;0;0;0;0;0;9;6;2;0;0;0;0;0;0;0;0;0;0;0;0;0;0;0;0;0;0;21;0;0;0;0;0;0;0;0;0;0;0;0;0;0;0;0;2;0;0;0;0;0;0;0;0;0;0;0;0;0;0;0;0;0;0;0;0
"Kirkenes Høybuktmoen";"Other commercial flights";"Domestic flights";"Total passengers on board at departure and arrival";0;0;0;0;0;0;0;0;0;0;0;0;0;0;0;0;0;0;0;0;0;0;1;0;0;0;0;3;0;0;0;0;0;0;0;0;0;0;0;0;0;0;0;0;0;0;0;0;0;0;0;0;0;0;0;0;0;0;0;0;0;0;0;0;0;0;0;0;0;0;0;0;0;0;0;0;0;0;0;0;0;0;0;169;0;0;0;0;0;0;0;0;0;0;0;0;0;0;0;0;0;0;0;0;0;0;0;0;0;0;0;0;0;0;0;0;0;0;0;0
"Kristiansand Kjevik";"All commercial flights";"Domestic flights";"Total passengers on board at departure and arrival";61540;57371;45656;48329;49731;59138;49878;62634;61586;43049;53513;67853;66225;66274;51142;55490;55924;66860;56342;68130;66101;49382;60601;69044;71650;65725;47917;54142;55019;55641;64076;63101;68632;46857;56795;71281;71784;64723;49939;54246;53418;64044;59762;62809;70241;47378;57411;69687;69423;64229;49500;52211;53492;62641;59997;63964;69374;52879;60765;70993;70823;66194;49417;50976;55915;58742;62388;64663;66976;46396;59499;70937;67511;63220;49835;51903;52240;63769;57101;64957;70148;50213;63838;71127;69774;66676;53210;55879;54676;60696;67859;67925;71468;53208;65073;75026;73227;67242;51773;55984;54695;64471;57759;64997;67786;50835;60408;71363;70175;63490;50869;54120;53804;29042;7878;11447;19189;31879;28133;28902
"Kristiansand Kjevik";"Scheduled passenger flights";"Domestic flights";"Total passengers on board at departure and arrival";60969;57281;45615;48321;49605;58702;49821;62627;61078;42323;53016;67556;65459;65755;51130;55483;55748;66630;55768;68128;65813;48838;60064;68994;71168;65129;47714;53950;54865;55365;63970;63045;67966;46806;56547;70987;71569;64673;49765;54234;53414;64040;59695;62758;69977;47350;57276;69679;69423;64226;49500;52203;53481;62571;59997;63936;69239;52835;60296;70983;70689;66070;49381;50970;55915;58610;62329;64373;66695;46377;59375;70853;67511;63216;49830;51860;52240;63596;57101;64502;69474;49835;63234;70580;69677;66674;53210;55862;54676;60627;67792;67421;71191;53208;64940;74147;72842;67242;51773;55980;54612;64455;57412;64391;67544;50800;60251;71134;69943;63490;50867;54064;53667;28657;7877;11447;19135;31822;28095;28902
"Kristiansand Kjevik";"Non-scheduled passenger flights";"Domestic flights";"Total passengers on board at departure and arrival";571;90;41;8;126;435;57;7;508;726;497;297;766;519;2;7;176;202;574;2;288;544;537;50;482;596;203;192;154;276;106;25;666;36;248;294;215;50;166;12;4;4;67;51;264;28;135;8;0;3;0;8;11;8;0;28;135;44;469;10;134;124;36;6;0;132;59;290;281;19;124;84;0;4;3;0;0;143;0;407;674;378;604;547;97;2;0;0;0;0;67;504;277;0;133;879;385;0;0;4;0;0;329;606;242;9;154;229;232;0;2;0;137;385;1;0;54;57;38;0
"Kristiansand Kjevik";"Freight";"Domestic flights";"Total passengers on board at departure and arrival";0;0;0;0;0;0;0;0;0;0;0;0;0;0;0;0;0;0;0;0;0;0;0;0;0;0;0;0;0;0;0;0;0;0;0;0;0;0;0;0;0;0;0;0;0;0;0;0;0;0;0;0;0;0;0;0;0;0;0;0;0;0;0;0;0;0;0;0;0;0;0;0;0;0;0;0;0;0;0;0;0;0;0;0;0;0;0;0;0;0;0;0;0;0;0;0;0;0;0;0;0;0;0;0;0;0;0;0;0;0;0;0;0;0;0;0;0;0;0;0
"Kristiansand Kjevik";"Helicopter, continental shelf";"Domestic flights";"Total passengers on board at departure and arrival";0;0;0;0;0;0;0;0;0;0;0;0;0;0;0;0;0;13;0;0;0;0;0;0;0;0;0;0;0;0;0;31;0;15;0;0;0;0;0;0;0;0;0;0;0;0;0;0;0;0;0;0;0;31;0;0;0;0;0;0;0;0;0;0;0;0;0;0;0;0;0;0;0;0;2;43;0;0;0;18;0;0;0;0;0;0;0;17;0;45;0;0;0;0;0;0;0;0;0;0;83;16;18;0;0;0;0;0;0;0;0;0;0;0;0;0;0;0;0;0
"Kristiansand Kjevik";"Helicopter, other";"Domestic flights";"Total passengers on board at departure and arrival";0;0;0;0;0;0;0;0;0;0;0;0;0;0;10;0;0;15;0;0;0;0;0;0;0;0;0;0;0;0;0;0;0;0;0;0;0;0;8;0;0;0;0;0;0;0;0;0;0;0;0;0;0;31;0;0;0;0;0;0;0;0;0;0;0;0;0;0;0;0;0;0;0;0;0;0;0;30;0;30;0;0;0;0;0;0;0;0;0;24;0;0;0;0;0;0;0;0;0;0;0;0;0;0;0;26;3;0;0;0;0;56;0;0;0;0;0;0;0;0
"Kristiansand Kjevik";"Other commercial flights";"Domestic flights";"Total passengers on board at departure and arrival";0;0;0;0;0;1;0;0;0;0;0;0;0;0;0;0;0;0;0;0;0;0;0;0;0;0;0;0;0;0;0;0;0;0;0;0;0;0;0;0;0;0;0;0;0;0;0;0;0;0;0;0;0;0;0;0;0;0;0;0;0;0;0;0;0;0;0;0;0;0;0;0;0;0;0;0;0;0;0;0;0;0;0;0;0;0;0;0;0;0;0;0;0;0;0;0;0;0;0;0;0;0;0;0;0;0;0;0;0;0;0;0;0;0;0;0;0;0;0;0
"Kristiansund Kvernberget";"All commercial flights";"Domestic flights";"Total passengers on board at departure and arrival";29772;28585;26694;24614;26712;30596;30889;34156;32506;26158;29725;31165;31715;32357;29940;29911;31390;31319;30552;37536;28464;29463;32261;34589;36596;32067;30077;31914;30023;28962;33176;35561;33875;31970;33438;36052;36764;32937;28066;28426;28705;32801;32572;34198;36899;31814;31888;33593;33891;29411;26777;26651;27318;29870;30912;33093;34754;31233;31840;31969;31118;27998;25542;22622;24112;25250;25080;27279;28463;23602;26578;27130;26160;23422;22398;20883;19863;25227;24575;28607;28548;23673;25735;27216;27975;27190;24263;23904;24714;25792;27667;27661;27064;23584;24368;26082;30855;29792;26151;22674;23134;25272;22645;27006;29870;27824;29087;30624;31554;28277;25350;23791;25338;17305;12930;13420;17918;20907;17196;18304
"Kristiansund Kvernberget";"Scheduled passenger flights";"Domestic flights";"Total passengers on board at departure and arrival";24198;22262;20537;18919;20880;23588;24015;26432;25087;20444;22770;25228;25965;25731;23592;22693;24594;24310;24066;29864;22391;22571;23990;27533;29123;26185;23053;23262;23893;23552;26974;27649;26578;24434;26101;28760;29390;26620;23139;22031;22533;26037;25879;27224;29916;25071;25814;27231;27697;24058;21376;20761;21748;23827;24621;26296;27793;24405;24874;25911;25669;23049;21006;18873;20261;21368;21165;23141;23969;19901;21415;22415;22341;19541;18914;17680;16887;21107;20309;23857;24106;20211;21319;22934;23988;22977;20203;19262;20435;21329;22837;22948;22622;19185;20551;22544;25421;23615;20938;17871;19448;21830;19144;22506;24880;22919;23299;24706;25133;22478;20239;18752;20287;12551;7707;8453;11636;14924;12363;12758
"Kristiansund Kvernberget";"Non-scheduled passenger flights";"Domestic flights";"Total passengers on board at departure and arrival";0;0;27;42;0;263;146;233;9;0;0;9;0;0;21;35;78;34;0;23;40;0;0;47;43;0;24;0;0;0;144;115;391;560;275;72;58;46;79;48;43;48;67;50;6;112;45;1;9;23;135;44;24;63;74;165;99;12;30;0;24;157;90;0;0;0;0;57;0;0;7;0;0;0;0;0;0;0;6;334;9;0;0;0;0;0;0;0;0;0;130;8;22;14;0;103;7;9;0;0;0;0;8;0;99;0;95;68;0;8;9;0;61;27;395;304;314;327;319;402
"Kristiansund Kvernberget";"Freight";"Domestic flights";"Total passengers on board at departure and arrival";0;0;0;0;0;0;0;0;0;0;0;0;0;0;0;0;0;0;0;0;0;0;0;0;0;0;0;0;0;0;0;0;0;0;0;0;0;0;0;0;0;0;0;0;0;0;0;0;0;0;0;0;0;0;0;0;0;0;0;0;0;0;0;0;0;0;0;0;0;0;0;0;0;0;0;0;0;0;0;0;0;0;0;0;0;0;0;0;0;0;0;0;0;0;0;0;0;0;0;0;0;0;0;0;0;0;0;0;0;0;0;0;0;0;0;0;0;0;0;0
"Kristiansund Kvernberget";"Helicopter, continental shelf";"Domestic flights";"Total passengers on board at departure and arrival";5574;6322;6130;5653;5832;6745;6728;7487;7410;5714;6955;5928;5750;6626;6327;7183;6718;6975;6485;7645;6033;6892;8271;7009;7391;5882;6990;8652;6129;5410;6058;7793;6903;6976;7062;7220;7316;6271;4848;6347;6129;6716;6626;6917;6977;6628;6029;6361;6182;5330;5266;5846;5546;5980;6217;6632;6862;6816;6910;6058;5417;4792;4446;3744;3851;3876;3915;4079;4494;3698;5156;4715;3819;3881;3465;3203;2976;4120;4260;4416;4431;3462;4413;4282;3987;4213;4060;4642;4279;4463;4700;4705;4420;4385;3814;3435;5427;6168;5213;4803;3686;3442;3484;4500;4891;4905;5692;5842;6421;5791;5102;5039;4990;4727;4828;4663;5968;5656;4514;5144
"Kristiansund Kvernberget";"Helicopter, other";"Domestic flights";"Total passengers on board at departure and arrival";0;1;0;0;0;0;0;4;0;0;0;0;0;0;0;0;0;0;1;4;0;0;0;0;39;0;10;0;1;0;0;4;3;0;0;0;0;0;0;0;0;0;0;7;0;3;0;0;3;0;0;0;0;0;0;0;0;0;26;0;8;0;0;5;0;6;0;2;0;3;0;0;0;0;19;0;0;0;0;0;2;0;3;0;0;0;0;0;0;0;0;0;0;0;3;0;0;0;0;0;0;0;9;0;0;0;0;8;0;0;0;0;0;0;0;0;0;0;0;0
"Kristiansund Kvernberget";"Other commercial flights";"Domestic flights";"Total passengers on board at departure and arrival";0;0;0;0;0;0;0;0;0;0;0;0;0;0;0;0;0;0;0;0;0;0;0;0;0;0;0;0;0;0;0;0;0;0;0;0;0;0;0;0;0;0;0;0;0;0;0;0;0;0;0;0;0;0;0;0;0;0;0;0;0;0;0;0;0;0;0;0;0;0;0;0;0;0;0;0;0;0;0;0;0;0;0;0;0;0;0;0;0;0;0;0;0;0;0;0;0;0;0;0;0;0;0;0;0;0;1;0;0;0;0;0;0;0;0;0;0;0;0;0
"Lakselv Banak";"All commercial flights";"Domestic flights";"Total passengers on board at departure and arrival";4983;5231;4687;4494;4429;5479;4811;4867;6059;8324;7201;5261;5304;5545;4721;5053;4972;5300;4643;6883;9858;9217;8699;7119;5241;5160;5710;4486;5304;5249;5592;4511;6736;8119;7174;5458;5418;5711;4489;4465;4778;5306;4719;4619;5766;8602;6479;4920;6279;5072;4641;4495;4107;5540;4464;4508;6395;8844;6652;4865;5143;5100;4458;4429;4782;4972;4491;4598;6937;7935;6368;5703;5235;5171;4878;4756;4930;5948;4364;4719;6288;7006;6271;5114;5156;5396;4714;4736;4322;4426;5069;4874;6651;7182;6469;4584;4742;4893;4053;4760;4570;4748;4148;4373;6233;6298;5370;5108;5134;4552;4084;4338;4541;2679;1436;2835;3743;5927;5072;4602
"Lakselv Banak";"Scheduled passenger flights";"Domestic flights";"Total passengers on board at departure and arrival";4951;5231;4687;4494;4429;5478;4809;4867;5883;8324;7201;5261;5304;5511;4721;5053;4972;5300;4643;6883;9742;9202;8699;7113;5238;5160;5710;4342;5304;5249;5592;4511;6241;7673;6970;5458;5417;5711;4489;4465;4778;5088;4719;4619;5766;8602;6479;4906;6279;5072;4641;4495;4107;5540;4464;4508;6269;8844;6652;4865;5135;5100;4458;4429;4558;4972;4491;4598;6825;7935;6365;5703;5235;5171;4878;4756;4713;5931;4364;4719;6288;7006;6269;5114;5156;5396;4714;4736;4322;4426;5069;4874;6651;7182;6463;4584;4742;4893;4053;4760;4570;4717;4148;4373;6233;6293;5370;5108;5134;4552;4055;4238;4541;2587;1104;2600;3743;5927;4959;4602
"Lakselv Banak";"Non-scheduled passenger flights";"Domestic flights";"Total passengers on board at departure and arrival";32;0;0;0;0;0;2;0;176;0;0;0;0;34;0;0;0;0;0;0;116;15;0;6;3;0;0;144;0;0;0;0;495;446;204;0;0;0;0;0;0;202;0;0;0;0;0;14;0;0;0;0;0;0;0;0;126;0;0;0;0;0;0;0;189;0;0;0;112;0;3;0;0;0;0;0;217;0;0;0;0;0;2;0;0;0;0;0;0;0;0;0;0;0;6;0;0;0;0;0;0;31;0;0;0;5;0;0;0;0;29;100;0;92;332;226;0;0;113;0
"Lakselv Banak";"Freight";"Domestic flights";"Total passengers on board at departure and arrival";0;0;0;0;0;0;0;0;0;0;0;0;0;0;0;0;0;0;0;0;0;0;0;0;0;0;0;0;0;0;0;0;0;0;0;0;0;0;0;0;0;0;0;0;0;0;0;0;0;0;0;0;0;0;0;0;0;0;0;0;0;0;0;0;0;0;0;0;0;0;0;0;0;0;0;0;0;0;0;0;0;0;0;0;0;0;0;0;0;0;0;0;0;0;0;0;0;0;0;0;0;0;0;0;0;0;0;0;0;0;0;0;0;0;0;0;0;0;0;0
"Lakselv Banak";"Helicopter, continental shelf";"Domestic flights";"Total passengers on board at departure and arrival";0;0;0;0;0;0;0;0;0;0;0;0;0;0;0;0;0;0;0;0;0;0;0;0;0;0;0;0;0;0;0;0;0;0;0;0;1;0;0;0;0;16;0;0;0;0;0;0;0;0;0;0;0;0;0;0;0;0;0;0;0;0;0;0;35;0;0;0;0;0;0;0;0;0;0;0;0;15;0;0;0;0;0;0;0;0;0;0;0;0;0;0;0;0;0;0;0;0;0;0;0;0;0;0;0;0;0;0;0;0;0;0;0;0;0;9;0;0;0;0
"Lakselv Banak";"Helicopter, other";"Domestic flights";"Total passengers on board at departure and arrival";0;0;0;0;0;0;0;0;0;0;0;0;0;0;0;0;0;0;0;0;0;0;0;0;0;0;0;0;0;0;0;0;0;0;0;0;0;0;0;0;0;0;0;0;0;0;0;0;0;0;0;0;0;0;0;0;0;0;0;0;8;0;0;0;0;0;0;0;0;0;0;0;0;0;0;0;0;2;0;0;0;0;0;0;0;0;0;0;0;0;0;0;0;0;0;0;0;0;0;0;0;0;0;0;0;0;0;0;0;0;0;0;0;0;0;0;0;0;0;0
"Lakselv Banak";"Other commercial flights";"Domestic flights";"Total passengers on board at departure and arrival";0;0;0;0;0;1;0;0;0;0;0;0;0;0;0;0;0;0;0;0;0;0;0;0;0;0;0;0;0;0;0;0;0;0;0;0;0;0;0;0;0;0;0;0;0;0;0;0;0;0;0;0;0;0;0;0;0;0;0;0;0;0;0;0;0;0;0;0;0;0;0;0;0;0;0;0;0;0;0;0;0;0;0;0;0;0;0;0;0;0;0;0;0;0;0;0;0;0;0;0;0;0;0;0;0;0;0;0;0;0;0;0;0;0;0;0;0;0;0;0
"Mehamn";"All commercial flights";"Domestic flights";"Total passengers on board at departure and arrival";3202;3328;2792;2727;2856;2758;2774;2850;2669;2793;3011;3179;3951;3236;2523;3016;3081;3008;2526;2793;2405;2652;3077;2746;3154;3247;2880;2818;2847;3006;1547;359;2894;2779;2801;2977;3050;2644;2471;2886;2669;2754;2806;2558;2872;2095;2536;2863;2687;2815;2257;2483;2254;2621;2622;2720;2751;2583;2620;2712;3228;2992;2319;2814;2992;2888;2840;2796;3018;2367;2862;3058;2973;3115;2299;2411;2650;3103;2367;2881;2882;2408;2798;2773;3123;2917;2362;2518;2803;3012;2828;2437;2697;2466;2787;2224;3042;2811;2099;2585;2635;2740;2254;2954;2750;2509;2688;2637;3175;2712;2395;2608;2600;1566;1081;1687;1279;2489;2693;3859
"Mehamn";"Scheduled passenger flights";"Domestic flights";"Total passengers on board at departure and arrival";3202;3326;2792;2727;2856;2758;2774;2850;2669;2793;3011;3179;3951;3236;2523;3016;3081;2965;2526;2793;2405;2652;3077;2746;3154;3247;2880;2816;2847;3006;1547;359;2894;2779;2801;2977;3050;2644;2471;2886;2669;2754;2806;2558;2872;2095;2536;2863;2687;2815;2257;2483;2254;2621;2622;2720;2751;2583;2620;2712;3228;2992;2319;2814;2992;2888;2840;2796;3018;2367;2862;3058;2973;3115;2299;2411;2650;3103;2367;2881;2882;2408;2798;2773;3123;2917;2362;2518;2803;3012;2828;2437;2697;2466;2787;2224;3042;2811;2099;2585;2635;2740;2254;2954;2750;2509;2688;2637;3175;2712;2395;2608;2600;1566;1081;1687;1279;2489;2693;3859
"Mehamn";"Non-scheduled passenger flights";"Domestic flights";"Total passengers on board at departure and arrival";0;0;0;0;0;0;0;0;0;0;0;0;0;0;0;0;0;43;0;0;0;0;0;0;0;0;0;0;0;0;0;0;0;0;0;0;0;0;0;0;0;0;0;0;0;0;0;0;0;0;0;0;0;0;0;0;0;0;0;0;0;0;0;0;0;0;0;0;0;0;0;0;0;0;0;0;0;0;0;0;0;0;0;0;0;0;0;0;0;0;0;0;0;0;0;0;0;0;0;0;0;0;0;0;0;0;0;0;0;0;0;0;0;0;0;0;0;0;0;0
"Mehamn";"Freight";"Domestic flights";"Total passengers on board at departure and arrival";0;0;0;0;0;0;0;0;0;0;0;0;0;0;0;0;0;0;0;0;0;0;0;0;0;0;0;0;0;0;0;0;0;0;0;0;0;0;0;0;0;0;0;0;0;0;0;0;0;0;0;0;0;0;0;0;0;0;0;0;0;0;0;0;0;0;0;0;0;0;0;0;0;0;0;0;0;0;0;0;0;0;0;0;0;0;0;0;0;0;0;0;0;0;0;0;0;0;0;0;0;0;0;0;0;0;0;0;0;0;0;0;0;0;0;0;0;0;0;0
"Mehamn";"Helicopter, continental shelf";"Domestic flights";"Total passengers on board at departure and arrival";0;0;0;0;0;0;0;0;0;0;0;0;0;0;0;0;0;0;0;0;0;0;0;0;0;0;0;0;0;0;0;0;0;0;0;0;0;0;0;0;0;0;0;0;0;0;0;0;0;0;0;0;0;0;0;0;0;0;0;0;0;0;0;0;0;0;0;0;0;0;0;0;0;0;0;0;0;0;0;0;0;0;0;0;0;0;0;0;0;0;0;0;0;0;0;0;0;0;0;0;0;0;0;0;0;0;0;0;0;0;0;0;0;0;0;0;0;0;0;0
"Mehamn";"Helicopter, other";"Domestic flights";"Total passengers on board at departure and arrival";0;0;0;0;0;0;0;0;0;0;0;0;0;0;0;0;0;0;0;0;0;0;0;0;0;0;0;0;0;0;0;0;0;0;0;0;0;0;0;0;0;0;0;0;0;0;0;0;0;0;0;0;0;0;0;0;0;0;0;0;0;0;0;0;0;0;0;0;0;0;0;0;0;0;0;0;0;0;0;0;0;0;0;0;0;0;0;0;0;0;0;0;0;0;0;0;0;0;0;0;0;0;0;0;0;0;0;0;0;0;0;0;0;0;0;0;0;0;0;0
"Mehamn";"Other commercial flights";"Domestic flights";"Total passengers on board at departure and arrival";0;2;0;0;0;0;0;0;0;0;0;0;0;0;0;0;0;0;0;0;0;0;0;0;0;0;0;2;0;0;0;0;0;0;0;0;0;0;0;0;0;0;0;0;0;0;0;0;0;0;0;0;0;0;0;0;0;0;0;0;0;0;0;0;0;0;0;0;0;0;0;0;0;0;0;0;0;0;0;0;0;0;0;0;0;0;0;0;0;0;0;0;0;0;0;0;0;0;0;0;0;0;0;0;0;0;0;0;0;0;0;0;0;0;0;0;0;0;0;0
"Mo i Rana Røssvold";"All commercial flights";"Domestic flights";"Total passengers on board at departure and arrival";12566;12055;9297;9681;10853;11666;9710;12730;11818;9768;11566;12621;13082;11758;9928;10395;11008;11394;10136;12017;12009;10296;11700;12166;12156;12492;9485;10445;9703;10307;11199;10137;12493;9872;12238;12907;12733;10949;8234;11231;10941;11879;11239;11464;12309;9475;11288;11897;13287;11747;8919;9165;8618;12648;9976;11154;12805;11087;12117;12722;13321;12401;10166;11026;11717;11360;12220;12307;12928;11249;12988;13145;13537;13022;9510;10614;11099;13458;9630;11135;11649;9375;11099;10631;10992;10107;7511;8802;8640;9136;9625;9240;10410;8300;10067;10314;10768;10143;7763;7917;8189;9529;9178;9980;9586;7177;9056;10495;11025;9988;7635;8250;8027;4181;0;0;4240;9484;7532;8357
"Mo i Rana Røssvold";"Scheduled passenger flights";"Domestic flights";"Total passengers on board at departure and arrival";12566;12055;9297;9673;10853;11666;9710;12730;11818;9760;11566;12621;13082;11758;9928;10391;11008;11258;10136;11995;12009;10225;11700;12166;12097;12492;9485;10445;9698;10307;11199;10137;12493;9872;12238;12907;12733;10949;8234;11231;10862;11864;11239;11464;12239;9475;11288;11897;13287;11747;8919;9165;8618;12648;9976;11154;12805;11087;12117;12676;13321;12352;10166;10959;11590;11161;12049;12130;12642;11202;12761;12909;13288;12758;9354;10428;10968;13074;9496;10752;11447;9323;10847;10433;10830;9730;7442;8721;8579;9083;9541;9098;10281;8256;9961;10150;10722;10049;7763;7917;8189;9529;9178;9980;9561;7177;9056;10495;10953;9924;7635;8250;8027;4181;0;0;4240;9484;7532;8357
"Mo i Rana Røssvold";"Non-scheduled passenger flights";"Domestic flights";"Total passengers on board at departure and arrival";0;0;0;8;0;0;0;0;0;8;0;0;0;0;0;4;0;136;0;22;0;71;0;0;59;0;0;0;5;0;0;0;0;0;0;0;0;0;0;0;79;15;0;0;70;0;0;0;0;0;0;0;0;0;0;0;0;0;0;46;0;49;0;67;127;199;171;177;286;47;227;236;249;264;156;186;131;384;134;383;202;52;252;198;162;377;69;81;61;53;84;142;129;44;106;164;46;94;0;0;0;0;0;0;25;0;0;0;72;64;0;0;0;0;0;0;0;0;0;0
"Mo i Rana Røssvold";"Freight";"Domestic flights";"Total passengers on board at departure and arrival";0;0;0;0;0;0;0;0;0;0;0;0;0;0;0;0;0;0;0;0;0;0;0;0;0;0;0;0;0;0;0;0;0;0;0;0;0;0;0;0;0;0;0;0;0;0;0;0;0;0;0;0;0;0;0;0;0;0;0;0;0;0;0;0;0;0;0;0;0;0;0;0;0;0;0;0;0;0;0;0;0;0;0;0;0;0;0;0;0;0;0;0;0;0;0;0;0;0;0;0;0;0;0;0;0;0;0;0;0;0;0;0;0;0;0;0;0;0;0;0
"Mo i Rana Røssvold";"Helicopter, continental shelf";"Domestic flights";"Total passengers on board at departure and arrival";0;0;0;0;0;0;0;0;0;0;0;0;0;0;0;0;0;0;0;0;0;0;0;0;0;0;0;0;0;0;0;0;0;0;0;0;0;0;0;0;0;0;0;0;0;0;0;0;0;0;0;0;0;0;0;0;0;0;0;0;0;0;0;0;0;0;0;0;0;0;0;0;0;0;0;0;0;0;0;0;0;0;0;0;0;0;0;0;0;0;0;0;0;0;0;0;0;0;0;0;0;0;0;0;0;0;0;0;0;0;0;0;0;0;0;0;0;0;0;0
"Mo i Rana Røssvold";"Helicopter, other";"Domestic flights";"Total passengers on board at departure and arrival";0;0;0;0;0;0;0;0;0;0;0;0;0;0;0;0;0;0;0;0;0;0;0;0;0;0;0;0;0;0;0;0;0;0;0;0;0;0;0;0;0;0;0;0;0;0;0;0;0;0;0;0;0;0;0;0;0;0;0;0;0;0;0;0;0;0;0;0;0;0;0;0;0;0;0;0;0;0;0;0;0;0;0;0;0;0;0;0;0;0;0;0;0;0;0;0;0;0;0;0;0;0;0;0;0;0;0;0;0;0;0;0;0;0;0;0;0;0;0;0
"Mo i Rana Røssvold";"Other commercial flights";"Domestic flights";"Total passengers on board at departure and arrival";0;0;0;0;0;0;0;0;0;0;0;0;0;0;0;0;0;0;0;0;0;0;0;0;0;0;0;0;0;0;0;0;0;0;0;0;0;0;0;0;0;0;0;0;0;0;0;0;0;0;0;0;0;0;0;0;0;0;0;0;0;0;0;0;0;0;0;0;0;0;0;0;0;0;0;0;0;0;0;0;0;0;0;0;0;0;0;0;0;0;0;0;0;0;0;0;0;0;0;0;0;0;0;0;0;0;0;0;0;0;0;0;0;0;0;0;0;0;0;0
"Molde Årø";"All commercial flights";"Domestic flights";"Total passengers on board at departure and arrival";39296;33387;28777;27424;28624;35887;33233;37295;37735;34049;33094;38780;38387;35799;31186;29998;32260;35323;32915;39727;37489;32550;35418;38713;41959;36551;30565;31352;31654;33345;37091;38535;35651;34084;34737;38040;41007;38438;31299;30443;31586;34530;35659;39319;41095;35835;35344;40803;44169;40675;33320;31573;33351;36280;37956;42738;44040;39634;38163;41530;46350;40058;34340;32263;35947;38701;37919;42793;42401;36162;38419;43467;44555;38729;34132;33017;32398;36651;35519;39837;37507;33502;36157;37747;41439;35875;30588;28509;30929;31958;36301;38390;35510;34191;34655;37281;39667;34352;30210;27418;28990;35388;32226;36951;36871;33072;33773;38488;41482;35179;31632;29048;28932;14420;4855;7678;10449;15923;14465;15457
"Molde Årø";"Scheduled passenger flights";"Domestic flights";"Total passengers on board at departure and arrival";39176;33369;28758;27399;28068;35814;32890;37082;37592;33409;32939;38714;38305;35672;30782;29842;32260;35317;32895;39711;37438;32512;35101;38521;41854;36348;30553;31226;31650;33343;37011;38376;35454;33352;34018;37822;40917;36907;31102;30437;31582;34530;35653;38997;41042;35811;35318;40702;43831;39890;33135;31231;32912;35774;37103;41662;42677;38865;37263;40634;45064;39009;33364;30813;34595;37011;36447;41152;40764;34791;36945;41747;43187;37299;32821;31326;31431;35924;34928;39289;37033;33219;35766;37415;41073;35711;30398;28509;30929;31950;36286;38143;35488;34191;34649;37209;39633;34247;30049;27408;28990;35146;32226;36944;36868;33069;33762;38482;41251;35156;31368;29022;28932;14418;4734;7053;9599;15090;13716;15321
"Molde Årø";"Non-scheduled passenger flights";"Domestic flights";"Total passengers on board at departure and arrival";120;17;16;25;556;73;343;213;143;618;155;66;82;127;404;156;0;6;20;16;51;38;317;192;105;203;12;126;4;2;76;159;185;732;719;218;90;1531;197;6;4;0;6;322;53;22;26;101;338;785;185;342;439;506;819;1076;1363;769;900;896;1286;1049;976;1450;1352;1690;1472;1641;1637;1369;1474;1720;1368;1430;1311;1691;967;727;591;545;471;283;389;332;366;164;190;0;0;8;15;247;18;0;6;72;20;105;161;10;0;242;0;7;0;3;11;6;231;23;262;26;0;2;119;616;850;829;749;136
"Molde Årø";"Freight";"Domestic flights";"Total passengers on board at departure and arrival";0;0;3;0;0;0;0;0;0;0;0;0;0;0;0;0;0;0;0;0;0;0;0;0;0;0;0;0;0;0;0;0;0;0;0;0;0;0;0;0;0;0;0;0;0;0;0;0;0;0;0;0;0;0;0;0;0;0;0;0;0;0;0;0;0;0;0;0;0;0;0;0;0;0;0;0;0;0;0;0;0;0;0;0;0;0;0;0;0;0;0;0;0;0;0;0;0;0;0;0;0;0;0;0;0;0;0;0;0;0;0;0;0;0;0;0;0;0;0;0
"Molde Årø";"Helicopter, continental shelf";"Domestic flights";"Total passengers on board at departure and arrival";0;0;0;0;0;0;0;0;0;22;0;0;0;0;0;0;0;0;0;0;0;0;0;0;0;0;0;0;0;0;0;0;12;0;0;0;0;0;0;0;0;0;0;0;0;0;0;0;0;0;0;0;0;0;34;0;0;0;0;0;0;0;0;0;0;0;0;0;0;2;0;0;0;0;0;0;0;0;0;0;3;0;2;0;0;0;0;0;0;0;0;0;4;0;0;0;14;0;0;0;0;0;0;0;3;0;0;0;0;0;0;0;0;0;0;0;0;0;0;0
"Molde Årø";"Helicopter, other";"Domestic flights";"Total passengers on board at departure and arrival";0;1;0;0;0;0;0;0;0;0;0;0;0;0;0;0;0;0;0;0;0;0;0;0;0;0;0;0;0;0;0;0;0;0;0;0;0;0;0;0;0;0;0;0;0;2;0;0;0;0;0;0;0;0;0;0;0;0;0;0;0;0;0;0;0;0;0;0;0;0;0;0;0;0;0;0;0;0;0;1;0;0;0;0;0;0;0;0;0;0;0;0;0;0;0;0;0;0;0;0;0;0;0;0;0;0;0;0;0;0;0;0;0;0;0;0;0;0;0;0
"Molde Årø";"Other commercial flights";"Domestic flights";"Total passengers on board at departure and arrival";0;0;0;0;0;0;0;0;0;0;0;0;0;0;0;0;0;0;0;0;0;0;0;0;0;0;0;0;0;0;4;0;0;0;0;0;0;0;0;0;0;0;0;0;0;0;0;0;0;0;0;0;0;0;0;0;0;0;0;0;0;0;0;0;0;0;0;0;0;0;0;0;0;0;0;0;0;0;0;2;0;0;0;0;0;0;0;0;0;0;0;0;0;0;0;0;0;0;0;0;0;0;0;0;0;0;0;0;0;0;2;0;0;0;2;9;0;4;0;0
"Mosjøen Kjærstad";"All commercial flights";"Domestic flights";"Total passengers on board at departure and arrival";10737;9116;8374;8543;8361;8938;8921;9331;9838;8033;9368;9631;10021;9731;8034;8590;8878;9280;8312;9773;10363;9473;10094;9369;9502;10583;7655;8817;9389;8912;9205;8084;9671;9380;9453;10614;10584;10060;7720;9493;9164;8998;9054;9239;9704;7961;8695;9197;10869;9493;7655;8203;7864;10388;8035;9185;9765;9956;9036;9390;9401;9386;8642;8539;9346;9805;9171;9120;9772;9198;9203;9518;9677;9878;7743;7585;8834;10382;6620;7294;7278;6964;3637;7054;7573;7231;5497;6298;5910;5985;6933;6361;6432;6137;6895;6494;6892;6393;5504;5417;5067;6133;6391;6764;7143;8067;6829;6534;6530;5620;5606;4580;5504;2788;0;0;5130;8438;6723;6146
"Mosjøen Kjærstad";"Scheduled passenger flights";"Domestic flights";"Total passengers on board at departure and arrival";10737;9116;8374;8543;8361;8938;8921;9331;9838;8033;9368;9631;10021;9731;8034;8590;8878;9280;8312;9773;10363;9473;10094;9369;9442;10583;7655;8817;9384;8912;9205;8084;9671;9380;9453;10614;10584;10060;7720;9493;9164;8998;9054;9239;9637;7961;8695;9197;10869;9493;7655;8203;7864;10388;8035;9185;9765;9956;9036;9364;9286;9386;8642;8444;9346;9805;9171;9100;9772;9198;9203;9514;9677;9878;7715;7463;8702;10382;6620;7278;7182;6873;3492;6903;7424;7013;5390;6068;5770;5725;6821;6138;6287;6066;6645;6191;6675;6194;5470;5417;5067;6133;6391;6764;7143;8067;6829;6534;6530;5602;5606;4580;5504;2788;0;0;5130;8438;6723;6146
"Mosjøen Kjærstad";"Non-scheduled passenger flights";"Domestic flights";"Total passengers on board at departure and arrival";0;0;0;0;0;0;0;0;0;0;0;0;0;0;0;0;0;0;0;0;0;0;0;0;60;0;0;0;5;0;0;0;0;0;0;0;0;0;0;0;0;0;0;0;67;0;0;0;0;0;0;0;0;0;0;0;0;0;0;26;115;0;0;95;0;0;0;20;0;0;0;4;0;0;28;122;132;0;0;16;96;91;145;151;149;218;107;230;140;260;112;223;145;71;250;303;217;199;34;0;0;0;0;0;0;0;0;0;0;18;0;0;0;0;0;0;0;0;0;0
"Mosjøen Kjærstad";"Freight";"Domestic flights";"Total passengers on board at departure and arrival";0;0;0;0;0;0;0;0;0;0;0;0;0;0;0;0;0;0;0;0;0;0;0;0;0;0;0;0;0;0;0;0;0;0;0;0;0;0;0;0;0;0;0;0;0;0;0;0;0;0;0;0;0;0;0;0;0;0;0;0;0;0;0;0;0;0;0;0;0;0;0;0;0;0;0;0;0;0;0;0;0;0;0;0;0;0;0;0;0;0;0;0;0;0;0;0;0;0;0;0;0;0;0;0;0;0;0;0;0;0;0;0;0;0;0;0;0;0;0;0
"Mosjøen Kjærstad";"Helicopter, continental shelf";"Domestic flights";"Total passengers on board at departure and arrival";0;0;0;0;0;0;0;0;0;0;0;0;0;0;0;0;0;0;0;0;0;0;0;0;0;0;0;0;0;0;0;0;0;0;0;0;0;0;0;0;0;0;0;0;0;0;0;0;0;0;0;0;0;0;0;0;0;0;0;0;0;0;0;0;0;0;0;0;0;0;0;0;0;0;0;0;0;0;0;0;0;0;0;0;0;0;0;0;0;0;0;0;0;0;0;0;0;0;0;0;0;0;0;0;0;0;0;0;0;0;0;0;0;0;0;0;0;0;0;0
"Mosjøen Kjærstad";"Helicopter, other";"Domestic flights";"Total passengers on board at departure and arrival";0;0;0;0;0;0;0;0;0;0;0;0;0;0;0;0;0;0;0;0;0;0;0;0;0;0;0;0;0;0;0;0;0;0;0;0;0;0;0;0;0;0;0;0;0;0;0;0;0;0;0;0;0;0;0;0;0;0;0;0;0;0;0;0;0;0;0;0;0;0;0;0;0;0;0;0;0;0;0;0;0;0;0;0;0;0;0;0;0;0;0;0;0;0;0;0;0;0;0;0;0;0;0;0;0;0;0;0;0;0;0;0;0;0;0;0;0;0;0;0
"Mosjøen Kjærstad";"Other commercial flights";"Domestic flights";"Total passengers on board at departure and arrival";0;0;0;0;0;0;0;0;0;0;0;0;0;0;0;0;0;0;0;0;0;0;0;0;0;0;0;0;0;0;0;0;0;0;0;0;0;0;0;0;0;0;0;0;0;0;0;0;0;0;0;0;0;0;0;0;0;0;0;0;0;0;0;0;0;0;0;0;0;0;0;0;0;0;0;0;0;0;0;0;0;0;0;0;0;0;0;0;0;0;0;0;0;0;0;0;0;0;0;0;0;0;0;0;0;0;0;0;0;0;0;0;0;0;0;0;0;0;0;0
"Moss Rygge";"All commercial flights";"Domestic flights";"Total passengers on board at departure and arrival";30496;18356;12291;11778;13148;13574;12923;15339;15224;9661;12863;15480;15244;14087;13256;6934;7525;7216;6140;5563;5672;2086;2892;3843;4533;4551;2795;3278;3832;3522;4162;3636;3208;0;2718;4631;4536;4911;3089;0;19;87;313;0;0;0;9;0;0;0;0;0;0;0;0;85;0;0;0;0;23;0;0;0;0;38;0;0;0;0;0;0;0;0;0;0;0;0;0;0;0;0;0;0;0;0;0;0;0;0;0;0;0;0;0;0;0;0;0;0;0;0;0;0;0;0;0;0;0;0;0;0;0;0;0;0;0;0;0;0
"Moss Rygge";"Scheduled passenger flights";"Domestic flights";"Total passengers on board at departure and arrival";30495;18356;12291;11778;13148;13574;12885;15334;15132;9592;12858;15207;15242;14024;13255;6934;7525;7186;6115;5561;5670;2086;2892;3843;4533;4523;2795;3278;3832;3522;4162;3636;3208;0;2718;4492;4536;4911;3089;0;0;0;313;0;0;0;9;0;0;0;0;0;0;0;0;0;0;0;0;0;23;0;0;0;0;0;0;0;0;0;0;0;0;0;0;0;0;0;0;0;0;0;0;0;0;0;0;0;0;0;0;0;0;0;0;0;0;0;0;0;0;0;0;0;0;0;0;0;0;0;0;0;0;0;0;0;0;0;0;0
"Moss Rygge";"Non-scheduled passenger flights";"Domestic flights";"Total passengers on board at departure and arrival";0;0;0;0;0;0;0;0;0;0;0;0;0;63;0;0;0;30;23;0;0;0;0;0;0;28;0;0;0;0;0;0;0;0;0;139;0;0;0;0;19;87;0;0;0;0;0;0;0;0;0;0;0;0;0;85;0;0;0;0;0;0;0;0;0;38;0;0;0;0;0;0;0;0;0;0;0;0;0;0;0;0;0;0;0;0;0;0;0;0;0;0;0;0;0;0;0;0;0;0;0;0;0;0;0;0;0;0;0;0;0;0;0;0;0;0;0;0;0;0
"Moss Rygge";"Freight";"Domestic flights";"Total passengers on board at departure and arrival";0;0;0;0;0;0;0;0;0;0;0;0;0;0;0;0;0;0;0;0;0;0;0;0;0;0;0;0;0;0;0;0;0;0;0;0;0;0;0;0;0;0;0;0;0;0;0;0;0;0;0;0;0;0;0;0;0;0;0;0;0;0;0;0;0;0;0;0;0;0;0;0;0;0;0;0;0;0;0;0;0;0;0;0;0;0;0;0;0;0;0;0;0;0;0;0;0;0;0;0;0;0;0;0;0;0;0;0;0;0;0;0;0;0;0;0;0;0;0;0
"Moss Rygge";"Helicopter, continental shelf";"Domestic flights";"Total passengers on board at departure and arrival";0;0;0;0;0;0;0;0;0;0;0;0;0;0;0;0;0;0;0;0;0;0;0;0;0;0;0;0;0;0;0;0;0;0;0;0;0;0;0;0;0;0;0;0;0;0;0;0;0;0;0;0;0;0;0;0;0;0;0;0;0;0;0;0;0;0;0;0;0;0;0;0;0;0;0;0;0;0;0;0;0;0;0;0;0;0;0;0;0;0;0;0;0;0;0;0;0;0;0;0;0;0;0;0;0;0;0;0;0;0;0;0;0;0;0;0;0;0;0;0
"Moss Rygge";"Helicopter, other";"Domestic flights";"Total passengers on board at departure and arrival";0;0;0;0;0;0;0;0;0;0;0;1;0;0;0;0;0;0;0;0;0;0;0;0;0;0;0;0;0;0;0;0;0;0;0;0;0;0;0;0;0;0;0;0;0;0;0;0;0;0;0;0;0;0;0;0;0;0;0;0;0;0;0;0;0;0;0;0;0;0;0;0;0;0;0;0;0;0;0;0;0;0;0;0;0;0;0;0;0;0;0;0;0;0;0;0;0;0;0;0;0;0;0;0;0;0;0;0;0;0;0;0;0;0;0;0;0;0;0;0
"Moss Rygge";"Other commercial flights";"Domestic flights";"Total passengers on board at departure and arrival";1;0;0;0;0;0;38;5;92;69;5;272;2;0;1;0;0;0;2;2;2;0;0;0;0;0;0;0;0;0;0;0;0;0;0;0;0;0;0;0;0;0;0;0;0;0;0;0;0;0;0;0;0;0;0;0;0;0;0;0;0;0;0;0;0;0;0;0;0;0;0;0;0;0;0;0;0;0;0;0;0;0;0;0;0;0;0;0;0;0;0;0;0;0;0;0;0;0;0;0;0;0;0;0;0;0;0;0;0;0;0;0;0;0;0;0;0;0;0;0
"Namsos";"All commercial flights";"Domestic flights";"Total passengers on board at departure and arrival";5350;5538;4347;4553;4767;5256;4314;5380;5548;4414;5026;5529;5796;5792;4509;5066;5252;5246;4344;5720;5447;5233;5498;5151;5313;5471;4352;5042;5094;5046;5666;4586;5450;5132;5380;5706;5718;5658;4424;5054;4946;5235;4963;5139;6085;5062;4743;5508;6100;5618;4604;4579;4708;5544;5244;5267;6055;5259;4791;5624;5833;5601;4952;4532;5116;5343;5162;5357;5493;4529;4714;5573;5958;6022;5007;5124;5342;6395;3348;3951;4009;3604;3835;3677;3925;3861;3869;4480;4410;4440;4821;4945;5150;4111;4792;5216;5564;5284;4321;4502;4301;5039;4257;4779;4911;4051;4584;5300;5243;4813;3662;4007;3743;2201;1253;1685;2875;3184;3360;3630
"Namsos";"Scheduled passenger flights";"Domestic flights";"Total passengers on board at departure and arrival";5345;5538;4347;4553;4767;5256;4314;5380;5548;4414;5026;5529;5785;5792;4509;5066;5252;5246;4344;5720;5447;5233;5498;5145;5302;5471;4352;5042;5094;5046;5666;4586;5450;5132;5356;5696;5713;5658;4424;5054;4946;5235;4963;5139;6085;5062;4743;5508;6094;5618;4604;4579;4708;5544;5244;5267;6055;5259;4791;5624;5826;5601;4952;4532;5116;5343;5162;5357;5480;4529;4714;5573;5958;6022;5007;5124;5342;6395;3348;3951;3979;3604;3835;3677;3925;3861;3869;4480;4410;4440;4821;4945;5142;4111;4787;5216;5564;5284;4314;4502;4291;5039;4257;4779;4911;4051;4584;5300;5243;4813;3662;4007;3743;2201;1253;1685;2875;3184;3360;3630
"Namsos";"Non-scheduled passenger flights";"Domestic flights";"Total passengers on board at departure and arrival";5;0;0;0;0;0;0;0;0;0;0;0;11;0;0;0;0;0;0;0;0;0;0;6;11;0;0;0;0;0;0;0;0;0;0;6;5;0;0;0;0;0;0;0;0;0;0;0;6;0;0;0;0;0;0;0;0;0;0;0;7;0;0;0;0;0;0;0;13;0;0;0;0;0;0;0;0;0;0;0;30;0;0;0;0;0;0;0;0;0;0;0;8;0;5;0;0;0;7;0;10;0;0;0;0;0;0;0;0;0;0;0;0;0;0;0;0;0;0;0
"Namsos";"Freight";"Domestic flights";"Total passengers on board at departure and arrival";0;0;0;0;0;0;0;0;0;0;0;0;0;0;0;0;0;0;0;0;0;0;0;0;0;0;0;0;0;0;0;0;0;0;0;0;0;0;0;0;0;0;0;0;0;0;0;0;0;0;0;0;0;0;0;0;0;0;0;0;0;0;0;0;0;0;0;0;0;0;0;0;0;0;0;0;0;0;0;0;0;0;0;0;0;0;0;0;0;0;0;0;0;0;0;0;0;0;0;0;0;0;0;0;0;0;0;0;0;0;0;0;0;0;0;0;0;0;0;0
"Namsos";"Helicopter, continental shelf";"Domestic flights";"Total passengers on board at departure and arrival";0;0;0;0;0;0;0;0;0;0;0;0;0;0;0;0;0;0;0;0;0;0;0;0;0;0;0;0;0;0;0;0;0;0;0;0;0;0;0;0;0;0;0;0;0;0;0;0;0;0;0;0;0;0;0;0;0;0;0;0;0;0;0;0;0;0;0;0;0;0;0;0;0;0;0;0;0;0;0;0;0;0;0;0;0;0;0;0;0;0;0;0;0;0;0;0;0;0;0;0;0;0;0;0;0;0;0;0;0;0;0;0;0;0;0;0;0;0;0;0
"Namsos";"Helicopter, other";"Domestic flights";"Total passengers on board at departure and arrival";0;0;0;0;0;0;0;0;0;0;0;0;0;0;0;0;0;0;0;0;0;0;0;0;0;0;0;0;0;0;0;0;0;0;24;0;0;0;0;0;0;0;0;0;0;0;0;0;0;0;0;0;0;0;0;0;0;0;0;0;0;0;0;0;0;0;0;0;0;0;0;0;0;0;0;0;0;0;0;0;0;0;0;0;0;0;0;0;0;0;0;0;0;0;0;0;0;0;0;0;0;0;0;0;0;0;0;0;0;0;0;0;0;0;0;0;0;0;0;0
"Namsos";"Other commercial flights";"Domestic flights";"Total passengers on board at departure and arrival";0;0;0;0;0;0;0;0;0;0;0;0;0;0;0;0;0;0;0;0;0;0;0;0;0;0;0;0;0;0;0;0;0;0;0;4;0;0;0;0;0;0;0;0;0;0;0;0;0;0;0;0;0;0;0;0;0;0;0;0;0;0;0;0;0;0;0;0;0;0;0;0;0;0;0;0;0;0;0;0;0;0;0;0;0;0;0;0;0;0;0;0;0;0;0;0;0;0;0;0;0;0;0;0;0;0;0;0;0;0;0;0;0;0;0;0;0;0;0;0
"Narvik Framnes";"All commercial flights";"Domestic flights";"Total passengers on board at departure and arrival";3824;2833;2217;2819;3159;3555;2271;2813;2585;1255;2354;2788;3210;3086;2252;2628;3130;3540;2173;2937;2662;1339;2199;2866;3511;3481;2145;2563;2741;2807;2788;2135;2585;1284;2138;2988;2969;2563;1764;2288;2230;2823;2429;2209;2364;1246;1878;2526;2868;2570;1899;2092;2051;2634;2124;2133;2241;1112;2016;2564;2481;2899;1967;2060;2067;2266;2464;2053;2251;1102;1845;2585;2718;2554;1915;2155;2161;2686;0;0;0;0;0;0;0;0;0;0;0;0;0;0;0;0;0;0;0;0;0;0;0;0;0;0;0;0;0;0;0;0;0;0;0;0;0;0;0;0;0;0
"Narvik Framnes";"Scheduled passenger flights";"Domestic flights";"Total passengers on board at departure and arrival";3824;2833;2217;2819;3159;3555;2271;2813;2585;1255;2354;2788;3210;3086;2252;2628;3130;3540;2173;2937;2662;1339;2199;2866;3393;3481;2145;2563;2741;2805;2788;2135;2585;1284;2138;2988;2969;2563;1764;2288;2230;2823;2429;2209;2364;1246;1876;2526;2868;2570;1899;2092;2051;2634;2124;2133;2241;1112;2016;2522;2481;2868;1967;2060;2067;2266;2464;2053;2251;1102;1845;2585;2718;2554;1915;2094;2161;2686;0;0;0;0;0;0;0;0;0;0;0;0;0;0;0;0;0;0;0;0;0;0;0;0;0;0;0;0;0;0;0;0;0;0;0;0;0;0;0;0;0;0
"Narvik Framnes";"Non-scheduled passenger flights";"Domestic flights";"Total passengers on board at departure and arrival";0;0;0;0;0;0;0;0;0;0;0;0;0;0;0;0;0;0;0;0;0;0;0;0;118;0;0;0;0;2;0;0;0;0;0;0;0;0;0;0;0;0;0;0;0;0;0;0;0;0;0;0;0;0;0;0;0;0;0;42;0;31;0;0;0;0;0;0;0;0;0;0;0;0;0;61;0;0;0;0;0;0;0;0;0;0;0;0;0;0;0;0;0;0;0;0;0;0;0;0;0;0;0;0;0;0;0;0;0;0;0;0;0;0;0;0;0;0;0;0
"Narvik Framnes";"Freight";"Domestic flights";"Total passengers on board at departure and arrival";0;0;0;0;0;0;0;0;0;0;0;0;0;0;0;0;0;0;0;0;0;0;0;0;0;0;0;0;0;0;0;0;0;0;0;0;0;0;0;0;0;0;0;0;0;0;0;0;0;0;0;0;0;0;0;0;0;0;0;0;0;0;0;0;0;0;0;0;0;0;0;0;0;0;0;0;0;0;0;0;0;0;0;0;0;0;0;0;0;0;0;0;0;0;0;0;0;0;0;0;0;0;0;0;0;0;0;0;0;0;0;0;0;0;0;0;0;0;0;0
"Narvik Framnes";"Helicopter, continental shelf";"Domestic flights";"Total passengers on board at departure and arrival";0;0;0;0;0;0;0;0;0;0;0;0;0;0;0;0;0;0;0;0;0;0;0;0;0;0;0;0;0;0;0;0;0;0;0;0;0;0;0;0;0;0;0;0;0;0;0;0;0;0;0;0;0;0;0;0;0;0;0;0;0;0;0;0;0;0;0;0;0;0;0;0;0;0;0;0;0;0;0;0;0;0;0;0;0;0;0;0;0;0;0;0;0;0;0;0;0;0;0;0;0;0;0;0;0;0;0;0;0;0;0;0;0;0;0;0;0;0;0;0
"Narvik Framnes";"Helicopter, other";"Domestic flights";"Total passengers on board at departure and arrival";0;0;0;0;0;0;0;0;0;0;0;0;0;0;0;0;0;0;0;0;0;0;0;0;0;0;0;0;0;0;0;0;0;0;0;0;0;0;0;0;0;0;0;0;0;0;2;0;0;0;0;0;0;0;0;0;0;0;0;0;0;0;0;0;0;0;0;0;0;0;0;0;0;0;0;0;0;0;0;0;0;0;0;0;0;0;0;0;0;0;0;0;0;0;0;0;0;0;0;0;0;0;0;0;0;0;0;0;0;0;0;0;0;0;0;0;0;0;0;0
"Narvik Framnes";"Other commercial flights";"Domestic flights";"Total passengers on board at departure and arrival";0;0;0;0;0;0;0;0;0;0;0;0;0;0;0;0;0;0;0;0;0;0;0;0;0;0;0;0;0;0;0;0;0;0;0;0;0;0;0;0;0;0;0;0;0;0;0;0;0;0;0;0;0;0;0;0;0;0;0;0;0;0;0;0;0;0;0;0;0;0;0;0;0;0;0;0;0;0;0;0;0;0;0;0;0;0;0;0;0;0;0;0;0;0;0;0;0;0;0;0;0;0;0;0;0;0;0;0;0;0;0;0;0;0;0;0;0;0;0;0
"Notodden";"All commercial flights";"Domestic flights";"Total passengers on board at departure and arrival";316;305;207;201;347;373;211;263;251;150;275;235;265;265;167;229;266;320;134;376;395;278;331;433;465;480;367;468;522;488;615;489;555;341;478;596;609;415;382;546;555;591;492;515;535;275;496;526;580;495;258;390;420;505;432;424;448;258;316;329;431;304;133;119;209;177;234;190;197;38;114;211;195;215;144;209;211;277;196;211;192;124;164;236;219;98;73;43;55;71;53;44;48;0;61;75;103;103;80;59;80;76;64;89;65;0;6;104;82;46;0;0;0;0;0;0;0;0;0;0
"Notodden";"Scheduled passenger flights";"Domestic flights";"Total passengers on board at departure and arrival";316;305;207;201;347;373;211;263;251;150;275;234;265;265;167;229;264;310;134;353;341;240;331;433;465;458;367;463;478;463;600;471;550;341;469;587;589;400;371;524;546;590;477;475;518;275;475;519;533;495;258;390;412;441;415;410;448;258;316;329;431;304;133;107;209;177;195;173;197;38;114;211;195;149;135;209;207;277;196;211;192;124;164;236;216;90;73;43;55;71;53;43;46;0;61;75;103;103;80;59;80;76;64;89;65;0;0;104;82;46;0;0;0;0;0;0;0;0;0;0
"Notodden";"Non-scheduled passenger flights";"Domestic flights";"Total passengers on board at departure and arrival";0;0;0;0;0;0;0;0;0;0;0;1;0;0;0;0;2;10;0;23;22;10;0;0;0;22;0;5;44;25;15;18;5;0;9;9;20;15;11;22;9;1;15;40;17;0;21;7;47;0;0;0;8;64;17;14;0;0;0;0;0;0;0;12;0;0;39;17;0;0;0;0;0;66;9;0;4;0;0;0;0;0;0;0;3;8;0;0;0;0;0;1;2;0;0;0;0;0;0;0;0;0;0;0;0;0;6;0;0;0;0;0;0;0;0;0;0;0;0;0
"Notodden";"Freight";"Domestic flights";"Total passengers on board at departure and arrival";0;0;0;0;0;0;0;0;0;0;0;0;0;0;0;0;0;0;0;0;32;28;0;0;0;0;0;0;0;0;0;0;0;0;0;0;0;0;0;0;0;0;0;0;0;0;0;0;0;0;0;0;0;0;0;0;0;0;0;0;0;0;0;0;0;0;0;0;0;0;0;0;0;0;0;0;0;0;0;0;0;0;0;0;0;0;0;0;0;0;0;0;0;0;0;0;0;0;0;0;0;0;0;0;0;0;0;0;0;0;0;0;0;0;0;0;0;0;0;0
"Notodden";"Helicopter, continental shelf";"Domestic flights";"Total passengers on board at departure and arrival";0;0;0;0;0;0;0;0;0;0;0;0;0;0;0;0;0;0;0;0;0;0;0;0;0;0;0;0;0;0;0;0;0;0;0;0;0;0;0;0;0;0;0;0;0;0;0;0;0;0;0;0;0;0;0;0;0;0;0;0;0;0;0;0;0;0;0;0;0;0;0;0;0;0;0;0;0;0;0;0;0;0;0;0;0;0;0;0;0;0;0;0;0;0;0;0;0;0;0;0;0;0;0;0;0;0;0;0;0;0;0;0;0;0;0;0;0;0;0;0
"Notodden";"Helicopter, other";"Domestic flights";"Total passengers on board at departure and arrival";0;0;0;0;0;0;0;0;0;0;0;0;0;0;0;0;0;0;0;0;0;0;0;0;0;0;0;0;0;0;0;0;0;0;0;0;0;0;0;0;0;0;0;0;0;0;0;0;0;0;0;0;0;0;0;0;0;0;0;0;0;0;0;0;0;0;0;0;0;0;0;0;0;0;0;0;0;0;0;0;0;0;0;0;0;0;0;0;0;0;0;0;0;0;0;0;0;0;0;0;0;0;0;0;0;0;0;0;0;0;0;0;0;0;0;0;0;0;0;0
"Notodden";"Other commercial flights";"Domestic flights";"Total passengers on board at departure and arrival";0;0;0;0;0;0;0;0;0;0;0;0;0;0;0;0;0;0;0;0;0;0;0;0;0;0;0;0;0;0;0;0;0;0;0;0;0;0;0;0;0;0;0;0;0;0;0;0;0;0;0;0;0;0;0;0;0;0;0;0;0;0;0;0;0;0;0;0;0;0;0;0;0;0;0;0;0;0;0;0;0;0;0;0;0;0;0;0;0;0;0;0;0;0;0;0;0;0;0;0;0;0;0;0;0;0;0;0;0;0;0;0;0;0;0;0;0;0;0;0
"Røros";"All commercial flights";"Domestic flights";"Total passengers on board at departure and arrival";1390;1309;1239;1183;1492;1860;1173;1367;1127;860;1401;1422;1500;1806;1193;1363;1628;1788;1170;1226;1163;1031;1307;1500;1992;2032;1648;1814;1935;2103;2295;1770;1549;1278;1627;1949;2258;2090;1786;1930;2121;2217;1688;1501;1724;1192;1564;2000;1966;1737;1644;1701;1995;2494;1745;1322;1483;1187;1636;1704;1646;2015;1752;1440;2035;1963;1708;1674;1762;1120;1590;1793;1790;1973;2090;1857;2341;2489;1922;1875;1906;1565;1978;2156;2170;1957;2265;1658;2633;2459;2177;1808;1853;955;1941;2039;2357;2270;2352;1955;2278;2436;2501;1925;2133;1661;2222;2248;2307;2294;2332;1954;2380;989;896;1007;2140;2067;2240;2389
"Røros";"Scheduled passenger flights";"Domestic flights";"Total passengers on board at departure and arrival";1390;1306;1239;1180;1492;1679;1173;1367;1127;860;1401;1421;1500;1806;1193;1356;1628;1788;1170;1226;1163;1031;1307;1500;1750;1713;1648;1814;1935;2103;2107;1768;1549;1278;1627;1949;2258;2090;1786;1930;2121;2217;1688;1501;1720;1192;1563;2000;1966;1737;1644;1701;1947;2123;1745;1322;1431;1187;1636;1704;1640;2015;1752;1440;2035;1963;1708;1674;1762;1120;1590;1785;1790;1973;2090;1857;2341;2489;1922;1875;1906;1565;1978;2156;2170;1957;2265;1658;2633;2459;2177;1808;1853;955;1931;2039;2357;2270;2352;1955;2268;2436;2223;1925;2118;1661;2211;2248;2307;2294;2332;1954;2380;989;896;1007;2140;2067;2233;2389
"Røros";"Non-scheduled passenger flights";"Domestic flights";"Total passengers on board at departure and arrival";0;3;0;3;0;181;0;0;0;0;0;1;0;0;0;7;0;0;0;0;0;0;0;0;242;319;0;0;0;0;188;0;0;0;0;0;0;0;0;0;0;0;0;0;4;0;1;0;0;0;0;0;48;371;0;0;52;0;0;0;6;0;0;0;0;0;0;0;0;0;0;8;0;0;0;0;0;0;0;0;0;0;0;0;0;0;0;0;0;0;0;0;0;0;10;0;0;0;0;0;10;0;278;0;15;0;11;0;0;0;0;0;0;0;0;0;0;0;7;0
"Røros";"Freight";"Domestic flights";"Total passengers on board at departure and arrival";0;0;0;0;0;0;0;0;0;0;0;0;0;0;0;0;0;0;0;0;0;0;0;0;0;0;0;0;0;0;0;0;0;0;0;0;0;0;0;0;0;0;0;0;0;0;0;0;0;0;0;0;0;0;0;0;0;0;0;0;0;0;0;0;0;0;0;0;0;0;0;0;0;0;0;0;0;0;0;0;0;0;0;0;0;0;0;0;0;0;0;0;0;0;0;0;0;0;0;0;0;0;0;0;0;0;0;0;0;0;0;0;0;0;0;0;0;0;0;0
"Røros";"Helicopter, continental shelf";"Domestic flights";"Total passengers on board at departure and arrival";0;0;0;0;0;0;0;0;0;0;0;0;0;0;0;0;0;0;0;0;0;0;0;0;0;0;0;0;0;0;0;0;0;0;0;0;0;0;0;0;0;0;0;0;0;0;0;0;0;0;0;0;0;0;0;0;0;0;0;0;0;0;0;0;0;0;0;0;0;0;0;0;0;0;0;0;0;0;0;0;0;0;0;0;0;0;0;0;0;0;0;0;0;0;0;0;0;0;0;0;0;0;0;0;0;0;0;0;0;0;0;0;0;0;0;0;0;0;0;0
"Røros";"Helicopter, other";"Domestic flights";"Total passengers on board at departure and arrival";0;0;0;0;0;0;0;0;0;0;0;0;0;0;0;0;0;0;0;0;0;0;0;0;0;0;0;0;0;0;0;0;0;0;0;0;0;0;0;0;0;0;0;0;0;0;0;0;0;0;0;0;0;0;0;0;0;0;0;0;0;0;0;0;0;0;0;0;0;0;0;0;0;0;0;0;0;0;0;0;0;0;0;0;0;0;0;0;0;0;0;0;0;0;0;0;0;0;0;0;0;0;0;0;0;0;0;0;0;0;0;0;0;0;0;0;0;0;0;0
"Røros";"Other commercial flights";"Domestic flights";"Total passengers on board at departure and arrival";0;0;0;0;0;0;0;0;0;0;0;0;0;0;0;0;0;0;0;0;0;0;0;0;0;0;0;0;0;0;0;2;0;0;0;0;0;0;0;0;0;0;0;0;0;0;0;0;0;0;0;0;0;0;0;0;0;0;0;0;0;0;0;0;0;0;0;0;0;0;0;0;0;0;0;0;0;0;0;0;0;0;0;0;0;0;0;0;0;0;0;0;0;0;0;0;0;0;0;0;0;0;0;0;0;0;0;0;0;0;0;0;0;0;0;0;0;0;0;0
"Rørvik Ryum";"All commercial flights";"Domestic flights";"Total passengers on board at departure and arrival";4611;4664;4011;4117;4032;4524;3755;4808;4584;4920;4904;4570;5022;4698;3974;4185;4164;3953;4651;5485;5242;5065;5095;5529;5758;5778;4638;4834;4717;5201;5768;5009;5954;5382;5429;5926;6004;5668;4661;5331;5174;5528;5096;5167;6189;5348;5135;5955;6298;5745;4711;4925;4646;5687;4913;5453;6121;5421;5201;6019;6143;6069;5190;4605;5272;5423;5481;5603;5631;5042;5459;6027;6100;6317;4908;5468;5466;6619;3207;3687;3847;3667;3773;3349;3755;3758;3259;3450;3472;3458;3489;3746;3757;3389;3833;3936;4197;3967;3401;3545;3386;4164;3653;3870;3707;3322;3655;4274;4749;4399;3722;4316;3873;2212;1251;1748;2938;4777;4017;4219
"Rørvik Ryum";"Scheduled passenger flights";"Domestic flights";"Total passengers on board at departure and arrival";4611;4664;4011;4117;4032;4524;3755;4808;4584;4920;4904;4570;5022;4698;3974;4185;4164;3953;4651;5485;5242;5065;5095;5529;5758;5776;4638;4834;4717;5201;5768;5009;5954;5382;5429;5926;6004;5668;4661;5331;5174;5528;5096;5167;6083;5348;5135;5955;6298;5745;4711;4925;4646;5687;4913;5453;6121;5421;5201;6019;6143;6069;5190;4605;5272;5423;5481;5603;5631;5042;5459;6027;6100;6317;4908;5328;5466;6619;3207;3687;3847;3667;3773;3349;3755;3758;3259;3350;3472;3458;3489;3746;3757;3389;3833;3936;4197;3967;3401;3423;3386;4164;3653;3870;3707;3322;3655;4274;4749;4399;3722;4282;3873;2212;1251;1748;2938;4777;4017;4219
"Rørvik Ryum";"Non-scheduled passenger flights";"Domestic flights";"Total passengers on board at departure and arrival";0;0;0;0;0;0;0;0;0;0;0;0;0;0;0;0;0;0;0;0;0;0;0;0;0;0;0;0;0;0;0;0;0;0;0;0;0;0;0;0;0;0;0;0;106;0;0;0;0;0;0;0;0;0;0;0;0;0;0;0;0;0;0;0;0;0;0;0;0;0;0;0;0;0;0;140;0;0;0;0;0;0;0;0;0;0;0;100;0;0;0;0;0;0;0;0;0;0;0;122;0;0;0;0;0;0;0;0;0;0;0;34;0;0;0;0;0;0;0;0
"Rørvik Ryum";"Freight";"Domestic flights";"Total passengers on board at departure and arrival";0;0;0;0;0;0;0;0;0;0;0;0;0;0;0;0;0;0;0;0;0;0;0;0;0;0;0;0;0;0;0;0;0;0;0;0;0;0;0;0;0;0;0;0;0;0;0;0;0;0;0;0;0;0;0;0;0;0;0;0;0;0;0;0;0;0;0;0;0;0;0;0;0;0;0;0;0;0;0;0;0;0;0;0;0;0;0;0;0;0;0;0;0;0;0;0;0;0;0;0;0;0;0;0;0;0;0;0;0;0;0;0;0;0;0;0;0;0;0;0
"Rørvik Ryum";"Helicopter, continental shelf";"Domestic flights";"Total passengers on board at departure and arrival";0;0;0;0;0;0;0;0;0;0;0;0;0;0;0;0;0;0;0;0;0;0;0;0;0;0;0;0;0;0;0;0;0;0;0;0;0;0;0;0;0;0;0;0;0;0;0;0;0;0;0;0;0;0;0;0;0;0;0;0;0;0;0;0;0;0;0;0;0;0;0;0;0;0;0;0;0;0;0;0;0;0;0;0;0;0;0;0;0;0;0;0;0;0;0;0;0;0;0;0;0;0;0;0;0;0;0;0;0;0;0;0;0;0;0;0;0;0;0;0
"Rørvik Ryum";"Helicopter, other";"Domestic flights";"Total passengers on board at departure and arrival";0;0;0;0;0;0;0;0;0;0;0;0;0;0;0;0;0;0;0;0;0;0;0;0;0;0;0;0;0;0;0;0;0;0;0;0;0;0;0;0;0;0;0;0;0;0;0;0;0;0;0;0;0;0;0;0;0;0;0;0;0;0;0;0;0;0;0;0;0;0;0;0;0;0;0;0;0;0;0;0;0;0;0;0;0;0;0;0;0;0;0;0;0;0;0;0;0;0;0;0;0;0;0;0;0;0;0;0;0;0;0;0;0;0;0;0;0;0;0;0
"Rørvik Ryum";"Other commercial flights";"Domestic flights";"Total passengers on board at departure and arrival";0;0;0;0;0;0;0;0;0;0;0;0;0;0;0;0;0;0;0;0;0;0;0;0;0;2;0;0;0;0;0;0;0;0;0;0;0;0;0;0;0;0;0;0;0;0;0;0;0;0;0;0;0;0;0;0;0;0;0;0;0;0;0;0;0;0;0;0;0;0;0;0;0;0;0;0;0;0;0;0;0;0;0;0;0;0;0;0;0;0;0;0;0;0;0;0;0;0;0;0;0;0;0;0;0;0;0;0;0;0;0;0;0;0;0;0;0;0;0;0
"Røst";"All commercial flights";"Domestic flights";"Total passengers on board at departure and arrival";1757;1650;1562;1249;1483;1861;1619;2072;2391;2005;2091;2027;2242;1983;1890;1647;1817;2269;1810;2355;2083;1788;2399;1967;2281;1911;1639;1573;1625;1959;1960;1537;2053;1929;1865;1789;1764;1741;1488;1377;1524;1987;2168;1645;2125;1712;1836;1838;1999;1555;1471;1263;1463;2034;1729;2000;2172;1666;1815;1814;1713;1686;1379;1297;1551;2065;1842;1994;2397;2091;1890;2171;2099;1954;1526;1533;1964;2547;1630;1792;1966;2285;2028;1939;1841;1449;1246;1438;1801;2284;1714;2154;2227;2094;2266;1841;1680;1865;1072;1348;1518;2335;1845;1909;2111;1254;2247;2257;1929;1258;1306;1295;1575;923;447;1206;2143;1909;1772;1938
"Røst";"Scheduled passenger flights";"Domestic flights";"Total passengers on board at departure and arrival";1757;1650;1562;1249;1483;1861;1606;2072;2391;1969;2091;1993;2242;1983;1890;1647;1817;2269;1810;2355;2083;1788;2089;1967;2281;1911;1639;1573;1625;1959;1960;1537;2053;1929;1865;1789;1764;1741;1488;1377;1524;1987;2168;1645;2125;1712;1836;1838;1999;1555;1471;1263;1463;2034;1729;2000;2172;1666;1815;1814;1713;1686;1379;1297;1551;2065;1842;1994;2397;2091;1890;2171;2099;1954;1526;1533;1964;2547;1630;1792;1966;2285;2028;1939;1841;1449;1246;1438;1801;2284;1714;2154;2227;2094;2266;1841;1680;1865;1072;1348;1518;2335;1845;1909;2111;1254;2247;2257;1929;1258;1306;1295;1575;923;447;1206;2143;1909;1772;1938
"Røst";"Non-scheduled passenger flights";"Domestic flights";"Total passengers on board at departure and arrival";0;0;0;0;0;0;0;0;0;0;0;0;0;0;0;0;0;0;0;0;0;0;306;0;0;0;0;0;0;0;0;0;0;0;0;0;0;0;0;0;0;0;0;0;0;0;0;0;0;0;0;0;0;0;0;0;0;0;0;0;0;0;0;0;0;0;0;0;0;0;0;0;0;0;0;0;0;0;0;0;0;0;0;0;0;0;0;0;0;0;0;0;0;0;0;0;0;0;0;0;0;0;0;0;0;0;0;0;0;0;0;0;0;0;0;0;0;0;0;0
"Røst";"Freight";"Domestic flights";"Total passengers on board at departure and arrival";0;0;0;0;0;0;0;0;0;0;0;0;0;0;0;0;0;0;0;0;0;0;0;0;0;0;0;0;0;0;0;0;0;0;0;0;0;0;0;0;0;0;0;0;0;0;0;0;0;0;0;0;0;0;0;0;0;0;0;0;0;0;0;0;0;0;0;0;0;0;0;0;0;0;0;0;0;0;0;0;0;0;0;0;0;0;0;0;0;0;0;0;0;0;0;0;0;0;0;0;0;0;0;0;0;0;0;0;0;0;0;0;0;0;0;0;0;0;0;0
"Røst";"Helicopter, continental shelf";"Domestic flights";"Total passengers on board at departure and arrival";0;0;0;0;0;0;0;0;0;36;0;34;0;0;0;0;0;0;0;0;0;0;0;0;0;0;0;0;0;0;0;0;0;0;0;0;0;0;0;0;0;0;0;0;0;0;0;0;0;0;0;0;0;0;0;0;0;0;0;0;0;0;0;0;0;0;0;0;0;0;0;0;0;0;0;0;0;0;0;0;0;0;0;0;0;0;0;0;0;0;0;0;0;0;0;0;0;0;0;0;0;0;0;0;0;0;0;0;0;0;0;0;0;0;0;0;0;0;0;0
"Røst";"Helicopter, other";"Domestic flights";"Total passengers on board at departure and arrival";0;0;0;0;0;0;13;0;0;0;0;0;0;0;0;0;0;0;0;0;0;0;0;0;0;0;0;0;0;0;0;0;0;0;0;0;0;0;0;0;0;0;0;0;0;0;0;0;0;0;0;0;0;0;0;0;0;0;0;0;0;0;0;0;0;0;0;0;0;0;0;0;0;0;0;0;0;0;0;0;0;0;0;0;0;0;0;0;0;0;0;0;0;0;0;0;0;0;0;0;0;0;0;0;0;0;0;0;0;0;0;0;0;0;0;0;0;0;0;0
"Røst";"Other commercial flights";"Domestic flights";"Total passengers on board at departure and arrival";0;0;0;0;0;0;0;0;0;0;0;0;0;0;0;0;0;0;0;0;0;0;4;0;0;0;0;0;0;0;0;0;0;0;0;0;0;0;0;0;0;0;0;0;0;0;0;0;0;0;0;0;0;0;0;0;0;0;0;0;0;0;0;0;0;0;0;0;0;0;0;0;0;0;0;0;0;0;0;0;0;0;0;0;0;0;0;0;0;0;0;0;0;0;0;0;0;0;0;0;0;0;0;0;0;0;0;0;0;0;0;0;0;0;0;0;0;0;0;0
"Sandane Anda";"All commercial flights";"Domestic flights";"Total passengers on board at departure and arrival";4795;4851;3788;3890;4039;4455;4250;4478;4712;4160;4734;5567;5190;4180;3303;4457;4361;5223;4456;5139;4894;3984;5057;5176;8574;5193;3799;4038;4154;4429;4925;4095;4635;4038;4974;4912;5459;4688;3529;3957;4052;4264;4295;4409;4539;3637;4210;4426;4431;4013;2870;3226;3324;3974;3841;3962;4754;3971;4219;4493;4703;4459;3399;3755;3439;3953;4247;4454;4890;4725;4991;4760;4122;4545;4032;3789;3907;4516;4022;4583;5171;6297;5104;5159;4470;3977;4094;4038;3841;4641;4626;4759;4792;4072;4352;4536;5011;4133;3879;3877;4108;4354;4223;4016;4272;4436;4218;4189;4434;3910;2905;3319;3397;1613;0;0;2981;4182;3721;3155
"Sandane Anda";"Scheduled passenger flights";"Domestic flights";"Total passengers on board at departure and arrival";4795;4851;3788;3890;4039;4455;4250;4475;4643;4160;4722;5567;5190;4180;3296;4457;4361;5223;4402;5139;4894;3984;5057;5176;8574;5193;3799;4038;4154;4429;4925;4095;4635;4038;4974;4912;5458;4688;3529;3957;4052;4264;4295;4409;4463;3637;4210;4360;4431;4013;2870;3226;3324;3974;3837;3962;4754;3971;4129;4493;4703;4459;3399;3755;3439;3953;4247;4454;4890;4725;4991;4622;4122;4545;4032;3789;3907;4516;4022;4520;5171;6297;5104;4950;4470;3977;4094;4038;3841;4641;4626;4759;4792;4072;4352;4536;5011;4133;3879;3877;4108;4354;4223;4016;4272;4436;4218;4189;4434;3910;2905;3319;3397;1613;0;0;2981;4182;3721;3155
"Sandane Anda";"Non-scheduled passenger flights";"Domestic flights";"Total passengers on board at departure and arrival";0;0;0;0;0;0;0;3;69;0;0;0;0;0;7;0;0;0;54;0;0;0;0;0;0;0;0;0;0;0;0;0;0;0;0;0;0;0;0;0;0;0;0;0;76;0;0;66;0;0;0;0;0;0;4;0;0;0;90;0;0;0;0;0;0;0;0;0;0;0;0;138;0;0;0;0;0;0;0;63;0;0;0;209;0;0;0;0;0;0;0;0;0;0;0;0;0;0;0;0;0;0;0;0;0;0;0;0;0;0;0;0;0;0;0;0;0;0;0;0
"Sandane Anda";"Freight";"Domestic flights";"Total passengers on board at departure and arrival";0;0;0;0;0;0;0;0;0;0;0;0;0;0;0;0;0;0;0;0;0;0;0;0;0;0;0;0;0;0;0;0;0;0;0;0;0;0;0;0;0;0;0;0;0;0;0;0;0;0;0;0;0;0;0;0;0;0;0;0;0;0;0;0;0;0;0;0;0;0;0;0;0;0;0;0;0;0;0;0;0;0;0;0;0;0;0;0;0;0;0;0;0;0;0;0;0;0;0;0;0;0;0;0;0;0;0;0;0;0;0;0;0;0;0;0;0;0;0;0
"Sandane Anda";"Helicopter, continental shelf";"Domestic flights";"Total passengers on board at departure and arrival";0;0;0;0;0;0;0;0;0;0;0;0;0;0;0;0;0;0;0;0;0;0;0;0;0;0;0;0;0;0;0;0;0;0;0;0;0;0;0;0;0;0;0;0;0;0;0;0;0;0;0;0;0;0;0;0;0;0;0;0;0;0;0;0;0;0;0;0;0;0;0;0;0;0;0;0;0;0;0;0;0;0;0;0;0;0;0;0;0;0;0;0;0;0;0;0;0;0;0;0;0;0;0;0;0;0;0;0;0;0;0;0;0;0;0;0;0;0;0;0
"Sandane Anda";"Helicopter, other";"Domestic flights";"Total passengers on board at departure and arrival";0;0;0;0;0;0;0;0;0;0;0;0;0;0;0;0;0;0;0;0;0;0;0;0;0;0;0;0;0;0;0;0;0;0;0;0;0;0;0;0;0;0;0;0;0;0;0;0;0;0;0;0;0;0;0;0;0;0;0;0;0;0;0;0;0;0;0;0;0;0;0;0;0;0;0;0;0;0;0;0;0;0;0;0;0;0;0;0;0;0;0;0;0;0;0;0;0;0;0;0;0;0;0;0;0;0;0;0;0;0;0;0;0;0;0;0;0;0;0;0
"Sandane Anda";"Other commercial flights";"Domestic flights";"Total passengers on board at departure and arrival";0;0;0;0;0;0;0;0;0;0;12;0;0;0;0;0;0;0;0;0;0;0;0;0;0;0;0;0;0;0;0;0;0;0;0;0;1;0;0;0;0;0;0;0;0;0;0;0;0;0;0;0;0;0;0;0;0;0;0;0;0;0;0;0;0;0;0;0;0;0;0;0;0;0;0;0;0;0;0;0;0;0;0;0;0;0;0;0;0;0;0;0;0;0;0;0;0;0;0;0;0;0;0;0;0;0;0;0;0;0;0;0;0;0;0;0;0;0;0;0
"Sandefjord Torp";"All commercial flights";"Domestic flights";"Total passengers on board at departure and arrival";31395;28461;23942;26401;27184;30284;26824;31817;31223;26098;28568;29514;31245;30601;26367;26880;28301;49306;48068;56693;54506;55262;56067;52909;58043;52153;45239;45453;47227;49145;54312;55561;56744;53886;54735;55121;60499;52717;46009;48706;49704;56239;51387;55010;56798;48433;52363;56423;60723;50161;43936;40155;42143;46594;43224;42649;42427;34866;38130;41482;41952;40544;33131;30786;32395;30890;30748;32517;33249;25761;31208;32832;34298;32400;27867;27876;27383;32408;28550;34304;34841;24812;29474;30470;33679;31877;27304;25995;25189;26739;29888;30449;30837;26146;30577;30953;32948;31188;25666;25908;24940;29199;28543;30260;31707;25462;29143;31081;33182;30652;27915;26892;25822;14898;3677;0;6486;15733;15637;16411
"Sandefjord Torp";"Scheduled passenger flights";"Domestic flights";"Total passengers on board at departure and arrival";30900;28458;23942;26369;27184;30273;26690;31576;31221;26091;28568;29310;31241;30545;26361;26880;28003;49298;47348;56389;54495;55233;55700;52734;57600;51756;45229;45435;46982;48280;54312;55550;56744;53886;54579;55042;60449;52617;45947;48699;49704;56239;51238;54765;56730;48400;51860;56420;60665;50086;43917;40018;42142;46594;42978;42649;42427;34647;38026;41220;41916;40469;33097;30780;32380;30888;30662;32293;33249;25550;31203;32832;34211;32386;27864;27862;27383;32264;28438;34071;34183;23990;29468;30470;33590;31877;27075;25896;25183;26678;29805;30297;30726;26145;30486;30194;32709;31178;25657;25882;24940;28772;28501;30260;31562;25388;29115;31036;33138;30600;27911;26890;25797;14885;3665;0;6460;15665;15579;16303
"Sandefjord Torp";"Non-scheduled passenger flights";"Domestic flights";"Total passengers on board at departure and arrival";495;0;0;4;0;11;119;241;2;7;0;204;0;56;6;0;298;8;720;304;11;26;367;175;398;356;0;4;245;865;0;11;0;0;154;79;48;96;26;2;0;0;149;245;68;33;503;3;58;75;4;125;1;0;246;0;0;61;97;254;30;0;0;0;10;2;84;224;0;211;0;0;78;8;0;0;0;144;112;233;658;822;6;0;89;0;215;84;6;61;76;152;111;1;91;739;235;0;2;2;0;420;7;0;145;70;10;30;44;40;4;2;4;13;12;0;26;57;52;108
"Sandefjord Torp";"Freight";"Domestic flights";"Total passengers on board at departure and arrival";0;0;0;0;0;0;0;0;0;0;0;0;0;0;0;0;0;0;0;0;0;0;0;0;0;0;0;0;0;0;0;0;0;0;0;0;0;0;0;0;0;0;0;0;0;0;0;0;0;0;0;0;0;0;0;0;0;0;0;0;0;0;0;0;0;0;0;0;0;0;0;0;0;0;0;0;0;0;0;0;0;0;0;0;0;0;0;0;0;0;0;0;0;0;0;0;0;0;0;0;0;0;0;0;0;0;0;0;0;0;0;0;0;0;0;0;0;0;0;0
"Sandefjord Torp";"Helicopter, continental shelf";"Domestic flights";"Total passengers on board at departure and arrival";0;0;0;0;0;0;0;0;0;0;0;0;0;0;0;0;0;0;0;0;0;0;0;0;0;0;0;0;0;0;0;0;0;0;0;0;0;0;0;0;0;0;0;0;0;0;0;0;0;0;0;0;0;0;0;0;0;0;0;0;0;0;0;0;0;0;0;0;0;0;0;0;0;0;0;0;0;0;0;0;0;0;0;0;0;0;0;0;0;0;0;0;0;0;0;0;0;0;0;0;0;0;0;0;0;0;0;0;0;0;0;0;0;0;0;0;0;0;0;0
"Sandefjord Torp";"Helicopter, other";"Domestic flights";"Total passengers on board at departure and arrival";0;0;0;0;0;0;0;0;0;0;0;0;0;0;0;0;0;0;0;0;0;0;0;0;0;0;0;0;0;0;0;0;0;0;0;0;0;0;0;0;0;0;0;0;0;0;0;0;0;0;0;0;0;0;0;0;0;0;0;0;0;0;0;0;0;0;0;0;0;0;0;0;0;0;0;0;0;0;0;0;0;0;0;0;0;0;0;0;0;0;0;0;0;0;0;0;0;0;0;0;0;0;0;0;0;0;0;1;0;0;0;0;0;0;0;0;0;0;0;0
"Sandefjord Torp";"Other commercial flights";"Domestic flights";"Total passengers on board at departure and arrival";0;3;0;28;0;0;15;0;0;0;0;0;4;0;0;0;0;0;0;0;0;3;0;0;45;41;10;14;0;0;0;0;0;0;2;0;2;4;36;5;0;0;0;0;0;0;0;0;0;0;15;12;0;0;0;0;0;158;7;8;6;75;34;6;5;0;2;0;0;0;5;0;9;6;3;14;0;0;0;0;0;0;0;0;0;0;14;15;0;0;7;0;0;0;0;20;4;10;7;24;0;7;35;0;0;4;18;14;0;12;0;0;21;0;0;0;0;11;6;0
"Sandnessjøen Stokka";"All commercial flights";"Domestic flights";"Total passengers on board at departure and arrival";11335;11163;9052;8806;9560;10774;9436;10841;10994;12066;10807;10628;11397;11589;9377;9512;11503;11419;10437;12492;9946;13088;10934;11279;12429;11603;9245;11205;10126;11160;11584;9617;12389;12602;11848;10491;12867;11619;9011;8117;8900;10822;10174;10634;9584;9481;10968;11516;10624;10798;8788;6900;9095;11271;10744;10594;12294;12694;10916;11005;11556;11235;9467;8187;9337;10060;10250;11144;11265;12026;11310;11966;11904;10138;10088;9888;10086;11871;7224;7813;8385;9194;10346;6558;6860;6323;6592;5539;6220;7696;7517;7961;7944;7479;6023;7176;7848;7380;6132;6545;6012;7055;6837;7352;7448;7646;6933;7044;7270;6330;5449;6627;5569;3735;3254;3962;4884;9085;6498;7103
"Sandnessjøen Stokka";"Scheduled passenger flights";"Domestic flights";"Total passengers on board at departure and arrival";11335;11163;9008;8806;9560;10774;9366;10841;10994;12066;10806;10628;11397;11589;9377;9512;11503;11419;10437;12422;9946;13088;10934;11279;12429;11603;9245;11205;10126;11160;11573;9579;12387;12602;11848;10479;12867;11617;9011;8117;8900;10822;10146;10634;9584;9481;10968;11516;10622;10798;8788;6900;9095;11271;10744;10594;12294;12694;10916;11005;11556;11235;9467;8187;9337;10060;10250;11118;11265;12026;11310;11966;11904;10138;10088;9888;10086;11871;7224;7813;8385;9194;10317;6558;6860;6323;6539;5539;6220;7696;7464;7961;7944;7477;6023;7176;7848;7367;6066;6545;6012;7055;6781;7352;7448;7646;6933;6914;7270;6330;5449;6627;5569;3725;3244;3935;4875;9085;6498;7103
"Sandnessjøen Stokka";"Non-scheduled passenger flights";"Domestic flights";"Total passengers on board at departure and arrival";0;0;44;0;0;0;34;0;0;0;1;0;0;0;0;0;0;0;0;70;0;0;0;0;0;0;0;0;0;0;11;32;0;0;0;12;0;0;0;0;0;0;28;0;0;0;0;0;0;0;0;0;0;0;0;0;0;0;0;0;0;0;0;0;0;0;0;26;0;0;0;0;0;0;0;0;0;0;0;0;0;0;29;0;0;0;53;0;0;0;53;0;0;0;0;0;0;0;66;0;0;0;56;0;0;0;0;130;0;0;0;0;0;10;10;27;9;0;0;0
"Sandnessjøen Stokka";"Freight";"Domestic flights";"Total passengers on board at departure and arrival";0;0;0;0;0;0;0;0;0;0;0;0;0;0;0;0;0;0;0;0;0;0;0;0;0;0;0;0;0;0;0;0;0;0;0;0;0;0;0;0;0;0;0;0;0;0;0;0;0;0;0;0;0;0;0;0;0;0;0;0;0;0;0;0;0;0;0;0;0;0;0;0;0;0;0;0;0;0;0;0;0;0;0;0;0;0;0;0;0;0;0;0;0;0;0;0;0;0;0;0;0;0;0;0;0;0;0;0;0;0;0;0;0;0;0;0;0;0;0;0
"Sandnessjøen Stokka";"Helicopter, continental shelf";"Domestic flights";"Total passengers on board at departure and arrival";0;0;0;0;0;0;36;0;0;0;0;0;0;0;0;0;0;0;0;0;0;0;0;0;0;0;0;0;0;0;0;0;2;0;0;0;0;0;0;0;0;0;0;0;0;0;0;0;2;0;0;0;0;0;0;0;0;0;0;0;0;0;0;0;0;0;0;0;0;0;0;0;0;0;0;0;0;0;0;0;0;0;0;0;0;0;0;0;0;0;0;0;0;0;0;0;0;13;0;0;0;0;0;0;0;0;0;0;0;0;0;0;0;0;0;0;0;0;0;0
"Sandnessjøen Stokka";"Helicopter, other";"Domestic flights";"Total passengers on board at departure and arrival";0;0;0;0;0;0;0;0;0;0;0;0;0;0;0;0;0;0;0;0;0;0;0;0;0;0;0;0;0;0;0;0;0;0;0;0;0;0;0;0;0;0;0;0;0;0;0;0;0;0;0;0;0;0;0;0;0;0;0;0;0;0;0;0;0;0;0;0;0;0;0;0;0;0;0;0;0;0;0;0;0;0;0;0;0;0;0;0;0;0;0;0;0;2;0;0;0;0;0;0;0;0;0;0;0;0;0;0;0;0;0;0;0;0;0;0;0;0;0;0
"Sandnessjøen Stokka";"Other commercial flights";"Domestic flights";"Total passengers on board at departure and arrival";0;0;0;0;0;0;0;0;0;0;0;0;0;0;0;0;0;0;0;0;0;0;0;0;0;0;0;0;0;0;0;6;0;0;0;0;0;2;0;0;0;0;0;0;0;0;0;0;0;0;0;0;0;0;0;0;0;0;0;0;0;0;0;0;0;0;0;0;0;0;0;0;0;0;0;0;0;0;0;0;0;0;0;0;0;0;0;0;0;0;0;0;0;0;0;0;0;0;0;0;0;0;0;0;0;0;0;0;0;0;0;0;0;0;0;0;0;0;0;0
"Skien Geitryggen";"All commercial flights";"Domestic flights";"Total passengers on board at departure and arrival";5230;5067;4071;848;1309;3798;4176;5018;4365;1461;4677;5327;5508;4234;4003;4601;4575;4232;2919;3960;3219;2085;3217;3476;3649;3617;2765;3295;3411;3226;3591;2657;2651;2163;2901;3149;3555;2960;2116;2936;2475;2788;2774;2835;3033;2114;2634;3162;3304;2978;2277;1803;2356;2383;2215;2179;2193;0;60;0;0;0;0;0;0;0;0;0;0;0;0;0;0;0;0;8;0;0;0;0;0;0;0;0;0;0;0;0;0;0;0;0;0;0;0;0;0;0;0;0;0;0;0;0;0;0;0;0;0;0;0;0;0;0;0;0;0;0;0;0
"Skien Geitryggen";"Scheduled passenger flights";"Domestic flights";"Total passengers on board at departure and arrival";5230;5067;4068;848;1309;3798;4176;5018;4365;1461;4677;5327;5508;4234;4003;4601;4555;4232;2919;3960;3219;2026;3217;3476;3649;3617;2765;3295;3411;3226;3591;2619;2594;2163;2901;3111;3555;2960;2116;2936;2475;2788;2774;2802;3033;2066;2634;3162;3204;2928;2277;1803;2308;2383;2215;2089;2193;0;0;0;0;0;0;0;0;0;0;0;0;0;0;0;0;0;0;0;0;0;0;0;0;0;0;0;0;0;0;0;0;0;0;0;0;0;0;0;0;0;0;0;0;0;0;0;0;0;0;0;0;0;0;0;0;0;0;0;0;0;0;0
"Skien Geitryggen";"Non-scheduled passenger flights";"Domestic flights";"Total passengers on board at departure and arrival";0;0;3;0;0;0;0;0;0;0;0;0;0;0;0;0;20;0;0;0;0;59;0;0;0;0;0;0;0;0;0;38;57;0;0;38;0;0;0;0;0;0;0;33;0;48;0;0;100;50;0;0;48;0;0;90;0;0;60;0;0;0;0;0;0;0;0;0;0;0;0;0;0;0;0;8;0;0;0;0;0;0;0;0;0;0;0;0;0;0;0;0;0;0;0;0;0;0;0;0;0;0;0;0;0;0;0;0;0;0;0;0;0;0;0;0;0;0;0;0
"Skien Geitryggen";"Freight";"Domestic flights";"Total passengers on board at departure and arrival";0;0;0;0;0;0;0;0;0;0;0;0;0;0;0;0;0;0;0;0;0;0;0;0;0;0;0;0;0;0;0;0;0;0;0;0;0;0;0;0;0;0;0;0;0;0;0;0;0;0;0;0;0;0;0;0;0;0;0;0;0;0;0;0;0;0;0;0;0;0;0;0;0;0;0;0;0;0;0;0;0;0;0;0;0;0;0;0;0;0;0;0;0;0;0;0;0;0;0;0;0;0;0;0;0;0;0;0;0;0;0;0;0;0;0;0;0;0;0;0
"Skien Geitryggen";"Helicopter, continental shelf";"Domestic flights";"Total passengers on board at departure and arrival";0;0;0;0;0;0;0;0;0;0;0;0;0;0;0;0;0;0;0;0;0;0;0;0;0;0;0;0;0;0;0;0;0;0;0;0;0;0;0;0;0;0;0;0;0;0;0;0;0;0;0;0;0;0;0;0;0;0;0;0;0;0;0;0;0;0;0;0;0;0;0;0;0;0;0;0;0;0;0;0;0;0;0;0;0;0;0;0;0;0;0;0;0;0;0;0;0;0;0;0;0;0;0;0;0;0;0;0;0;0;0;0;0;0;0;0;0;0;0;0
"Skien Geitryggen";"Helicopter, other";"Domestic flights";"Total passengers on board at departure and arrival";0;0;0;0;0;0;0;0;0;0;0;0;0;0;0;0;0;0;0;0;0;0;0;0;0;0;0;0;0;0;0;0;0;0;0;0;0;0;0;0;0;0;0;0;0;0;0;0;0;0;0;0;0;0;0;0;0;0;0;0;0;0;0;0;0;0;0;0;0;0;0;0;0;0;0;0;0;0;0;0;0;0;0;0;0;0;0;0;0;0;0;0;0;0;0;0;0;0;0;0;0;0;0;0;0;0;0;0;0;0;0;0;0;0;0;0;0;0;0;0
"Skien Geitryggen";"Other commercial flights";"Domestic flights";"Total passengers on board at departure and arrival";0;0;0;0;0;0;0;0;0;0;0;0;0;0;0;0;0;0;0;0;0;0;0;0;0;0;0;0;0;0;0;0;0;0;0;0;0;0;0;0;0;0;0;0;0;0;0;0;0;0;0;0;0;0;0;0;0;0;0;0;0;0;0;0;0;0;0;0;0;0;0;0;0;0;0;0;0;0;0;0;0;0;0;0;0;0;0;0;0;0;0;0;0;0;0;0;0;0;0;0;0;0;0;0;0;0;0;0;0;0;0;0;0;0;0;0;0;0;0;0
"Sogndal Haukåsen";"All commercial flights";"Domestic flights";"Total passengers on board at departure and arrival";11299;10722;7825;9477;9765;10459;9037;11154;10365;10434;11253;10705;11627;9817;8193;10642;10659;11737;8260;10535;10121;10255;10263;10749;12556;10662;7661;8699;8665;9401;10606;9240;10255;11020;10936;10975;11238;10693;7560;9214;9607;9539;9617;9953;10125;10073;9698;10516;10553;9416;6231;7339;7537;9342;8131;8930;9998;9671;8798;10515;10714;9718;7333;8605;8596;9191;9624;9126;10090;8757;9153;9946;10162;9747;8362;8949;8430;9760;8935;9631;10661;9717;10339;10521;10356;9581;7899;8353;8261;8839;9564;9143;10212;9131;9732;9611;10420;9887;7533;8005;8089;9341;9004;8730;9509;7610;8784;9898;10308;8682;6847;8162;7552;4448;2785;4267;9391;8986;8382;8095
"Sogndal Haukåsen";"Scheduled passenger flights";"Domestic flights";"Total passengers on board at departure and arrival";11292;10722;7825;9477;9765;10459;9016;11154;10330;10362;11248;10696;11612;9807;8193;10642;10659;11737;8171;10498;10064;10168;10254;10700;12526;10644;7661;8699;8665;9398;10583;9204;10250;10948;10879;10975;11208;10679;7560;9214;9607;9539;9609;9863;10125;10064;9674;10452;10532;9407;6231;7339;7537;9342;8131;8925;9994;9671;8798;10427;10702;9718;7333;8605;8596;9182;9484;8997;10090;8658;9132;9942;10144;9747;8362;8949;8430;9760;8857;9531;10579;9652;10339;10453;10342;9565;7899;8353;8261;8834;9564;9143;10201;9131;9732;9611;10415;9884;7533;8005;8089;9341;9004;8717;9499;7610;8772;9892;10291;8682;6847;8162;7552;4448;2785;4267;9391;8986;8382;8095
"Sogndal Haukåsen";"Non-scheduled passenger flights";"Domestic flights";"Total passengers on board at departure and arrival";7;0;0;0;0;0;20;0;35;72;5;9;15;10;0;0;0;0;89;37;57;78;9;49;30;18;0;0;0;3;23;36;0;72;57;0;26;14;0;0;0;0;8;90;0;9;24;64;21;9;0;0;0;0;0;5;4;0;0;88;12;0;0;0;0;9;140;129;0;99;21;4;18;0;0;0;0;0;78;100;82;65;0;68;14;16;0;0;0;0;0;0;11;0;0;0;5;3;0;0;0;0;0;9;10;0;12;6;17;0;0;0;0;0;0;0;0;0;0;0
"Sogndal Haukåsen";"Freight";"Domestic flights";"Total passengers on board at departure and arrival";0;0;0;0;0;0;0;0;0;0;0;0;0;0;0;0;0;0;0;0;0;9;0;0;0;0;0;0;0;0;0;0;0;0;0;0;0;0;0;0;0;0;0;0;0;0;0;0;0;0;0;0;0;0;0;0;0;0;0;0;0;0;0;0;0;0;0;0;0;0;0;0;0;0;0;0;0;0;0;0;0;0;0;0;0;0;0;0;0;0;0;0;0;0;0;0;0;0;0;0;0;0;0;0;0;0;0;0;0;0;0;0;0;0;0;0;0;0;0;0
"Sogndal Haukåsen";"Helicopter, continental shelf";"Domestic flights";"Total passengers on board at departure and arrival";0;0;0;0;0;0;0;0;0;0;0;0;0;0;0;0;0;0;0;0;0;0;0;0;0;0;0;0;0;0;0;0;0;0;0;0;0;0;0;0;0;0;0;0;0;0;0;0;0;0;0;0;0;0;0;0;0;0;0;0;0;0;0;0;0;0;0;0;0;0;0;0;0;0;0;0;0;0;0;0;0;0;0;0;0;0;0;0;0;0;0;0;0;0;0;0;0;0;0;0;0;0;0;0;0;0;0;0;0;0;0;0;0;0;0;0;0;0;0;0
"Sogndal Haukåsen";"Helicopter, other";"Domestic flights";"Total passengers on board at departure and arrival";0;0;0;0;0;0;1;0;0;0;0;0;0;0;0;0;0;0;0;0;0;0;0;0;0;0;0;0;0;0;0;0;0;0;0;0;0;0;0;0;0;0;0;0;0;0;0;0;0;0;0;0;0;0;0;0;0;0;0;0;0;0;0;0;0;0;0;0;0;0;0;0;0;0;0;0;0;0;0;0;0;0;0;0;0;0;0;0;0;5;0;0;0;0;0;0;0;0;0;0;0;0;0;4;0;0;0;0;0;0;0;0;0;0;0;0;0;0;0;0
"Sogndal Haukåsen";"Other commercial flights";"Domestic flights";"Total passengers on board at departure and arrival";0;0;0;0;0;0;0;0;0;0;0;0;0;0;0;0;0;0;0;0;0;0;0;0;0;0;0;0;0;0;0;0;5;0;0;0;4;0;0;0;0;0;0;0;0;0;0;0;0;0;0;0;0;0;0;0;0;0;0;0;0;0;0;0;0;0;0;0;0;0;0;0;0;0;0;0;0;0;0;0;0;0;0;0;0;0;0;0;0;0;0;0;0;0;0;0;0;0;0;0;0;0;0;0;0;0;0;0;0;0;0;0;0;0;0;0;0;0;0;0
"Stokmarknes Skagen";"All commercial flights";"Domestic flights";"Total passengers on board at departure and arrival";11722;11803;9801;9747;10235;11041;9160;11013;11000;7907;9814;11033;11552;11942;9336;10711;11260;11550;9306;10730;9707;9299;10052;10619;11975;12656;9208;10411;9966;10466;10372;8896;10851;9414;10660;11122;11839;10811;8639;9841;10258;11480;9757;10165;10184;7164;8737;10746;11388;10206;8564;9353;9329;11689;10221;10234;10661;8166;8856;10460;11085;10769;9245;9860;9915;9756;10495;10086;10461;7899;9277;10831;10977;11086;9578;10152;10307;12193;10201;10910;11703;11145;12230;12472;14028;13041;11348;11157;10923;11131;11685;10854;11089;9654;10083;10474;10544;10457;8271;9320;8937;10404;9188;9654;8706;7457;8916;10070;10590;9450;7923;8586;8942;4106;0;1102;2362;3147;6167;9337
"Stokmarknes Skagen";"Scheduled passenger flights";"Domestic flights";"Total passengers on board at departure and arrival";11722;11803;9801;9747;10235;11041;9160;11013;11000;7907;9814;11033;11550;11942;9336;10711;11260;11550;9306;10730;9707;9299;10052;10619;11975;12656;9208;10411;9966;10466;10372;8896;10851;9414;10660;11122;11839;10811;8639;9841;10258;11480;9757;10165;10138;7164;8737;10746;11388;10206;8564;9353;9329;11689;10221;10234;10661;8166;8856;10460;10995;10769;9245;9860;9915;9756;10495;10086;10461;7899;9277;10831;10977;11086;9578;10152;10307;12193;10201;10910;11703;11145;12230;12472;14028;13041;11348;11118;10923;11131;11685;10854;11089;9654;10083;10474;10544;10457;8271;9320;8937;10404;9188;9654;8706;7457;8916;10070;10590;9450;7923;8586;8942;4106;0;1102;2362;3147;6167;9337
"Stokmarknes Skagen";"Non-scheduled passenger flights";"Domestic flights";"Total passengers on board at departure and arrival";0;0;0;0;0;0;0;0;0;0;0;0;0;0;0;0;0;0;0;0;0;0;0;0;0;0;0;0;0;0;0;0;0;0;0;0;0;0;0;0;0;0;0;0;46;0;0;0;0;0;0;0;0;0;0;0;0;0;0;0;90;0;0;0;0;0;0;0;0;0;0;0;0;0;0;0;0;0;0;0;0;0;0;0;0;0;0;39;0;0;0;0;0;0;0;0;0;0;0;0;0;0;0;0;0;0;0;0;0;0;0;0;0;0;0;0;0;0;0;0
"Stokmarknes Skagen";"Freight";"Domestic flights";"Total passengers on board at departure and arrival";0;0;0;0;0;0;0;0;0;0;0;0;0;0;0;0;0;0;0;0;0;0;0;0;0;0;0;0;0;0;0;0;0;0;0;0;0;0;0;0;0;0;0;0;0;0;0;0;0;0;0;0;0;0;0;0;0;0;0;0;0;0;0;0;0;0;0;0;0;0;0;0;0;0;0;0;0;0;0;0;0;0;0;0;0;0;0;0;0;0;0;0;0;0;0;0;0;0;0;0;0;0;0;0;0;0;0;0;0;0;0;0;0;0;0;0;0;0;0;0
"Stokmarknes Skagen";"Helicopter, continental shelf";"Domestic flights";"Total passengers on board at departure and arrival";0;0;0;0;0;0;0;0;0;0;0;0;0;0;0;0;0;0;0;0;0;0;0;0;0;0;0;0;0;0;0;0;0;0;0;0;0;0;0;0;0;0;0;0;0;0;0;0;0;0;0;0;0;0;0;0;0;0;0;0;0;0;0;0;0;0;0;0;0;0;0;0;0;0;0;0;0;0;0;0;0;0;0;0;0;0;0;0;0;0;0;0;0;0;0;0;0;0;0;0;0;0;0;0;0;0;0;0;0;0;0;0;0;0;0;0;0;0;0;0
"Stokmarknes Skagen";"Helicopter, other";"Domestic flights";"Total passengers on board at departure and arrival";0;0;0;0;0;0;0;0;0;0;0;0;0;0;0;0;0;0;0;0;0;0;0;0;0;0;0;0;0;0;0;0;0;0;0;0;0;0;0;0;0;0;0;0;0;0;0;0;0;0;0;0;0;0;0;0;0;0;0;0;0;0;0;0;0;0;0;0;0;0;0;0;0;0;0;0;0;0;0;0;0;0;0;0;0;0;0;0;0;0;0;0;0;0;0;0;0;0;0;0;0;0;0;0;0;0;0;0;0;0;0;0;0;0;0;0;0;0;0;0
"Stokmarknes Skagen";"Other commercial flights";"Domestic flights";"Total passengers on board at departure and arrival";0;0;0;0;0;0;0;0;0;0;0;0;2;0;0;0;0;0;0;0;0;0;0;0;0;0;0;0;0;0;0;0;0;0;0;0;0;0;0;0;0;0;0;0;0;0;0;0;0;0;0;0;0;0;0;0;0;0;0;0;0;0;0;0;0;0;0;0;0;0;0;0;0;0;0;0;0;0;0;0;0;0;0;0;0;0;0;0;0;0;0;0;0;0;0;0;0;0;0;0;0;0;0;0;0;0;0;0;0;0;0;0;0;0;0;0;0;0;0;0
"Stord Sørstokken";"All commercial flights";"Domestic flights";"Total passengers on board at departure and arrival";2081;1741;1255;1643;1905;2585;1937;2520;2246;1389;1933;1932;2002;1624;1565;1731;1555;1789;1250;1753;1657;952;1458;1711;2141;2298;1398;1975;1933;2122;2810;2208;2417;1580;2353;2970;2753;3167;2045;2745;3122;3376;2869;2952;3392;1912;2871;3748;3626;3627;2983;3178;3900;4511;3970;4185;5106;2358;3397;4275;3846;4278;3666;3546;3370;3975;3390;3354;3592;2887;3328;4111;3550;3930;3204;3271;2784;3178;2501;2897;2968;1910;2774;3053;3012;3299;2761;2764;3000;3337;3441;3132;3201;1802;3016;3540;3337;3240;2885;2679;3341;3762;2848;3481;3443;2071;2812;3837;3773;3412;3012;2803;3043;1504;0;100;138;39;784;1273
"Stord Sørstokken";"Scheduled passenger flights";"Domestic flights";"Total passengers on board at departure and arrival";2008;1741;1251;1632;1905;2585;1937;2391;2223;1383;1898;1932;2002;1624;1565;1731;1555;1789;1250;1699;1657;946;1458;1665;2141;2298;1364;1975;1933;2122;2810;2203;2417;1580;2353;2962;2734;3167;2045;2745;3112;3376;2869;2952;3340;1912;2871;3748;3626;3627;2812;2840;3502;4005;3322;3178;4054;1748;2629;3480;2974;3371;2735;2390;2016;2346;1943;1846;1989;1634;1959;2524;2188;2504;2021;2134;1856;2487;2065;2405;2525;1639;2454;2760;2751;3153;2723;2764;3000;3337;3441;3132;3201;1802;3014;3540;3328;3240;2885;2679;3341;3762;2848;3481;3443;2071;2812;3837;3773;3412;3012;2803;3043;1504;0;0;0;0;784;1231
"Stord Sørstokken";"Non-scheduled passenger flights";"Domestic flights";"Total passengers on board at departure and arrival";73;0;4;11;0;0;0;129;23;6;35;0;0;0;0;0;0;0;0;54;0;6;0;46;0;0;34;0;0;0;0;5;0;0;0;8;19;0;0;0;10;0;0;0;52;0;0;0;0;0;171;338;398;506;648;1007;1052;610;767;795;872;907;931;1156;1354;1629;1447;1508;1603;1253;1368;1587;1362;1426;1183;1137;928;691;436;492;443;271;320;293;261;146;38;0;0;0;0;0;0;0;2;0;9;0;0;0;0;0;0;0;0;0;0;0;0;0;0;0;0;0;0;100;138;39;0;42
"Stord Sørstokken";"Freight";"Domestic flights";"Total passengers on board at departure and arrival";0;0;0;0;0;0;0;0;0;0;0;0;0;0;0;0;0;0;0;0;0;0;0;0;0;0;0;0;0;0;0;0;0;0;0;0;0;0;0;0;0;0;0;0;0;0;0;0;0;0;0;0;0;0;0;0;0;0;0;0;0;0;0;0;0;0;0;0;0;0;0;0;0;0;0;0;0;0;0;0;0;0;0;0;0;0;0;0;0;0;0;0;0;0;0;0;0;0;0;0;0;0;0;0;0;0;0;0;0;0;0;0;0;0;0;0;0;0;0;0
"Stord Sørstokken";"Helicopter, continental shelf";"Domestic flights";"Total passengers on board at departure and arrival";0;0;0;0;0;0;0;0;0;0;0;0;0;0;0;0;0;0;0;0;0;0;0;0;0;0;0;0;0;0;0;0;0;0;0;0;0;0;0;0;0;0;0;0;0;0;0;0;0;0;0;0;0;0;0;0;0;0;0;0;0;0;0;0;0;0;0;0;0;0;0;0;0;0;0;0;0;0;0;0;0;0;0;0;0;0;0;0;0;0;0;0;0;0;0;0;0;0;0;0;0;0;0;0;0;0;0;0;0;0;0;0;0;0;0;0;0;0;0;0
"Stord Sørstokken";"Helicopter, other";"Domestic flights";"Total passengers on board at departure and arrival";0;0;0;0;0;0;0;0;0;0;0;0;0;0;0;0;0;0;0;0;0;0;0;0;0;0;0;0;0;0;0;0;0;0;0;0;0;0;0;0;0;0;0;0;0;0;0;0;0;0;0;0;0;0;0;0;0;0;1;0;0;0;0;0;0;0;0;0;0;0;1;0;0;0;0;0;0;0;0;0;0;0;0;0;0;0;0;0;0;0;0;0;0;0;0;0;0;0;0;0;0;0;0;0;0;0;0;0;0;0;0;0;0;0;0;0;0;0;0;0
"Stord Sørstokken";"Other commercial flights";"Domestic flights";"Total passengers on board at departure and arrival";0;0;0;0;0;0;0;0;0;0;0;0;0;0;0;0;0;0;0;0;0;0;0;0;0;0;0;0;0;0;0;0;0;0;0;0;0;0;0;0;0;0;0;0;0;0;0;0;0;0;0;0;0;0;0;0;0;0;0;0;0;0;0;0;0;0;0;0;0;0;0;0;0;0;0;0;0;0;0;0;0;0;0;0;0;0;0;0;0;0;0;0;0;0;0;0;0;0;0;0;0;0;0;0;0;0;0;0;0;0;0;0;0;0;0;0;0;0;0;0
"Svalbard Longyear";"All commercial flights";"Domestic flights";"Total passengers on board at departure and arrival";6304;4618;4314;4046;6638;9473;11318;9694;11535;15128;15076;8754;6485;4705;4652;4664;7089;9047;11246;9886;12709;16420;15295;8827;6881;5611;4701;6717;7128;12950;17418;13539;17284;18234;18399;12344;9687;7651;7202;7706;10258;13686;16079;13671;17868;19002;18306;13109;8531;7263;7237;7564;10472;15630;17699;13704;18410;20267;19068;12581;9730;6289;6677;8139;11300;14101;17036;13464;19676;21677;21346;13097;9306;7416;7542;8618;11317;14273;15703;14430;19316;21640;19903;11495;9825;7087;6828;7912;13129;16233;18357;15997;21862;22964;21140;13738;10180;7910;7448;8413;12750;18617;18708;17092;22066;23822;20754;13035;9426;7064;6773;8430;12032;7031;619;1254;3603;8203;7772;6120
"Svalbard Longyear";"Scheduled passenger flights";"Domestic flights";"Total passengers on board at departure and arrival";6282;4580;4284;4001;6201;8870;11004;9624;10351;13527;14192;8712;6444;4370;4629;4512;6981;8983;10895;9356;11641;15079;14988;8792;6860;5524;4401;4983;6629;11579;14757;11696;13052;15905;16389;10395;7755;5914;5798;6373;8995;12974;14174;11847;14638;16584;16505;11189;8161;5538;6059;6179;9203;13549;16282;12973;16609;18548;18420;11858;9276;6157;5846;7667;11287;13662;15714;12361;17788;19625;18903;11762;8691;6994;6929;7796;11220;14107;15130;13357;18166;19436;18261;10980;9311;6608;6376;7529;12529;15695;16828;14142;19071;20739;20105;13066;9674;7192;7030;7832;12216;17446;17863;15798;18182;21072;19929;12632;9335;6987;6597;8062;11775;6867;619;1222;3463;8161;7338;6024
"Svalbard Longyear";"Non-scheduled passenger flights";"Domestic flights";"Total passengers on board at departure and arrival";0;0;0;0;384;570;260;35;1144;1584;861;0;0;318;0;113;77;0;344;489;1052;1319;292;19;0;0;239;1699;491;1356;2613;1808;4173;2303;1987;1895;1895;1661;1391;1311;1243;677;1899;1824;3221;2388;1801;1874;356;1709;1155;1356;1259;2053;1373;669;1795;1706;608;672;439;130;791;441;0;391;1283;1093;1789;2026;2256;1275;508;360;527;728;28;0;533;914;1101;2025;1583;401;493;397;425;271;572;453;1498;1725;2725;2081;1002;546;346;572;336;444;452;1108;709;1029;3837;2588;789;214;0;0;0;282;99;140;0;0;110;0;355;0
"Svalbard Longyear";"Freight";"Domestic flights";"Total passengers on board at departure and arrival";0;0;0;0;0;0;0;0;0;0;0;0;0;0;0;0;0;0;0;0;0;0;0;0;0;0;0;0;0;0;0;0;0;0;0;0;0;0;0;0;0;0;0;0;0;0;0;0;0;0;0;0;0;0;0;0;0;0;0;0;0;0;0;0;0;0;28;0;0;0;0;0;0;0;0;0;0;0;0;0;0;0;0;0;0;0;0;0;0;0;0;0;0;0;0;0;0;0;0;0;0;0;0;0;0;0;0;0;0;0;0;0;0;0;0;0;0;0;0;0
"Svalbard Longyear";"Helicopter, continental shelf";"Domestic flights";"Total passengers on board at departure and arrival";0;0;0;0;0;0;0;0;0;0;0;0;0;0;0;0;0;0;0;0;0;0;0;0;0;0;0;0;0;0;0;0;0;0;0;0;0;0;0;0;0;0;0;0;0;0;0;0;0;0;0;0;0;0;0;0;0;0;0;0;0;0;0;0;0;0;0;0;0;0;0;0;0;0;0;0;0;0;0;0;0;0;0;0;0;0;0;0;0;0;0;0;0;0;0;0;0;0;0;0;0;0;0;0;0;0;0;0;0;0;0;0;0;0;0;0;0;0;0;0
"Svalbard Longyear";"Helicopter, other";"Domestic flights";"Total passengers on board at departure and arrival";22;38;30;45;53;33;54;35;40;17;23;42;41;17;23;39;31;64;7;41;16;22;15;16;21;87;61;35;4;15;48;35;59;26;23;54;37;76;13;22;20;35;0;0;9;30;0;46;14;16;23;29;10;28;44;62;6;13;40;51;15;2;40;31;13;48;11;10;99;26;187;60;107;62;86;94;69;164;40;159;49;179;59;114;21;82;27;112;28;85;31;130;66;144;33;126;160;146;82;137;82;63;136;265;47;162;36;189;91;77;176;86;158;24;0;32;30;32;71;96
"Svalbard Longyear";"Other commercial flights";"Domestic flights";"Total passengers on board at departure and arrival";0;0;0;0;0;0;0;0;0;0;0;0;0;0;0;0;0;0;0;0;0;0;0;0;0;0;0;0;4;0;0;0;0;0;0;0;0;0;0;0;0;0;6;0;0;0;0;0;0;0;0;0;0;0;0;0;0;0;0;0;0;0;0;0;0;0;0;0;0;0;0;0;0;0;0;0;0;2;0;0;0;0;0;0;0;0;0;0;0;0;0;0;0;0;0;0;0;0;0;0;0;0;0;0;0;0;0;0;0;0;0;0;0;0;0;0;0;10;8;0
"Svolvær Helle";"All commercial flights";"Domestic flights";"Total passengers on board at departure and arrival";6800;6519;5729;5390;5725;7960;6838;7818;9063;9495;9391;7445;7418;6645;6164;6146;6293;8065;6400;7659;8283;7883;8325;7226;7096;6746;5736;5523;5795;7547;0;1236;7996;8504;7870;7324;7043;6116;5336;5968;6106;7610;6809;7074;8122;7381;7377;7009;6954;6309;5362;5536;5877;8385;6952;7423;8231;8541;8282;7372;7307;6744;5687;5706;5839;7472;7722;7686;8697;8968;8363;7842;7344;6909;5946;6438;6570;9390;10053;10970;11825;11947;12606;11216;11134;9347;7944;9066;9739;10785;9520;9775;11259;11087;10560;8557;8206;7717;6107;6416;7287;9378;7633;8331;9505;9018;9985;9249;8812;6656;6229;6497;6707;4125;0;0;4804;8006;6646;6189
"Svolvær Helle";"Scheduled passenger flights";"Domestic flights";"Total passengers on board at departure and arrival";6800;6519;5729;5390;5725;7960;6838;7818;9035;9495;9316;7445;7418;6645;6164;6146;6293;8065;6400;7608;8283;7883;8325;7226;7096;6746;5736;5523;5795;7547;0;1223;7996;8504;7870;7324;7043;6095;5336;5968;6106;7610;6809;7070;8122;7377;7376;6974;6954;6309;5362;5536;5877;8378;6952;7423;8160;8535;8282;7372;7189;6744;5687;5706;5839;7472;7722;7661;8621;8952;8363;7842;7344;6909;5946;6438;6570;9368;10053;10935;11758;11945;12606;11216;11134;9347;7944;9066;9739;10776;9520;9775;11259;11067;10560;8531;8206;7513;6107;6416;7287;9374;7631;8331;9469;9018;9985;9249;8812;6656;6229;6497;6707;4125;0;0;4804;8006;6646;6189
"Svolvær Helle";"Non-scheduled passenger flights";"Domestic flights";"Total passengers on board at departure and arrival";0;0;0;0;0;0;0;0;28;0;75;0;0;0;0;0;0;0;0;51;0;0;0;0;0;0;0;0;0;0;0;13;0;0;0;0;0;21;0;0;0;0;0;4;0;0;1;35;0;0;0;0;0;7;0;0;71;6;0;0;118;0;0;0;0;0;0;25;76;16;0;0;0;0;0;0;0;22;0;35;67;2;0;0;0;0;0;0;0;9;0;0;0;20;0;26;0;204;0;0;0;4;0;0;36;0;0;0;0;0;0;0;0;0;0;0;0;0;0;0
"Svolvær Helle";"Freight";"Domestic flights";"Total passengers on board at departure and arrival";0;0;0;0;0;0;0;0;0;0;0;0;0;0;0;0;0;0;0;0;0;0;0;0;0;0;0;0;0;0;0;0;0;0;0;0;0;0;0;0;0;0;0;0;0;0;0;0;0;0;0;0;0;0;0;0;0;0;0;0;0;0;0;0;0;0;0;0;0;0;0;0;0;0;0;0;0;0;0;0;0;0;0;0;0;0;0;0;0;0;0;0;0;0;0;0;0;0;0;0;0;0;0;0;0;0;0;0;0;0;0;0;0;0;0;0;0;0;0;0
"Svolvær Helle";"Helicopter, continental shelf";"Domestic flights";"Total passengers on board at departure and arrival";0;0;0;0;0;0;0;0;0;0;0;0;0;0;0;0;0;0;0;0;0;0;0;0;0;0;0;0;0;0;0;0;0;0;0;0;0;0;0;0;0;0;0;0;0;0;0;0;0;0;0;0;0;0;0;0;0;0;0;0;0;0;0;0;0;0;0;0;0;0;0;0;0;0;0;0;0;0;0;0;0;0;0;0;0;0;0;0;0;0;0;0;0;0;0;0;0;0;0;0;0;0;0;0;0;0;0;0;0;0;0;0;0;0;0;0;0;0;0;0
"Svolvær Helle";"Helicopter, other";"Domestic flights";"Total passengers on board at departure and arrival";0;0;0;0;0;0;0;0;0;0;0;0;0;0;0;0;0;0;0;0;0;0;0;0;0;0;0;0;0;0;0;0;0;0;0;0;0;0;0;0;0;0;0;0;0;4;0;0;0;0;0;0;0;0;0;0;0;0;0;0;0;0;0;0;0;0;0;0;0;0;0;0;0;0;0;0;0;0;0;0;0;0;0;0;0;0;0;0;0;0;0;0;0;0;0;0;0;0;0;0;0;0;2;0;0;0;0;0;0;0;0;0;0;0;0;0;0;0;0;0
"Svolvær Helle";"Other commercial flights";"Domestic flights";"Total passengers on board at departure and arrival";0;0;0;0;0;0;0;0;0;0;0;0;0;0;0;0;0;0;0;0;0;0;0;0;0;0;0;0;0;0;0;0;0;0;0;0;0;0;0;0;0;0;0;0;0;0;0;0;0;0;0;0;0;0;0;0;0;0;0;0;0;0;0;0;0;0;0;0;0;0;0;0;0;0;0;0;0;0;0;0;0;0;0;0;0;0;0;0;0;0;0;0;0;0;0;0;0;0;0;0;0;0;0;0;0;0;0;0;0;0;0;0;0;0;0;0;0;0;0;0
"Sørkjosen";"All commercial flights";"Domestic flights";"Total passengers on board at departure and arrival";2676;2756;2595;2344;2507;3364;2858;3394;3337;2905;3030;3490;3288;2929;2869;2715;3006;3071;2549;3108;2679;3540;2704;2812;3278;3170;2796;2261;2753;3071;3024;2932;3905;3463;3476;4046;4623;3222;2507;3846;3747;3719;2835;3365;3170;2224;2476;3138;2785;2680;2359;2280;2289;3213;2985;3175;3211;2958;2717;2876;3164;2878;2257;2458;3047;2766;2857;2892;3451;2567;3321;3686;3841;3967;3115;2791;3414;3818;2347;2446;2773;2006;2336;2548;2572;2423;1890;1896;2155;2301;2200;2572;2451;2284;2697;2033;2548;2497;1824;2100;2191;2306;2192;2500;2505;2459;2522;2760;2644;2741;1906;2169;2118;942;0;0;1231;2574;2620;3140
"Sørkjosen";"Scheduled passenger flights";"Domestic flights";"Total passengers on board at departure and arrival";2676;2756;2595;2344;2507;3364;2858;3394;3337;2905;3030;3490;3288;2929;2869;2715;3006;3071;2549;3108;2679;3540;2704;2812;3278;3170;2796;2261;2753;3071;3024;2932;3905;3463;3476;4046;4623;3222;2507;3846;3747;3719;2835;3365;3170;2224;2476;3138;2785;2680;2359;2280;2289;3213;2985;3175;3211;2958;2717;2876;3164;2878;2257;2426;3047;2766;2857;2892;3451;2567;3321;3686;3841;3967;3115;2791;3414;3818;2347;2446;2773;2006;2336;2548;2572;2423;1890;1896;2135;2301;2200;2572;2451;2284;2697;2032;2548;2497;1824;2100;2191;2306;2192;2500;2505;2459;2522;2760;2644;2741;1906;2169;2118;942;0;0;1231;2574;2620;3140
"Sørkjosen";"Non-scheduled passenger flights";"Domestic flights";"Total passengers on board at departure and arrival";0;0;0;0;0;0;0;0;0;0;0;0;0;0;0;0;0;0;0;0;0;0;0;0;0;0;0;0;0;0;0;0;0;0;0;0;0;0;0;0;0;0;0;0;0;0;0;0;0;0;0;0;0;0;0;0;0;0;0;0;0;0;0;32;0;0;0;0;0;0;0;0;0;0;0;0;0;0;0;0;0;0;0;0;0;0;0;0;20;0;0;0;0;0;0;1;0;0;0;0;0;0;0;0;0;0;0;0;0;0;0;0;0;0;0;0;0;0;0;0
"Sørkjosen";"Freight";"Domestic flights";"Total passengers on board at departure and arrival";0;0;0;0;0;0;0;0;0;0;0;0;0;0;0;0;0;0;0;0;0;0;0;0;0;0;0;0;0;0;0;0;0;0;0;0;0;0;0;0;0;0;0;0;0;0;0;0;0;0;0;0;0;0;0;0;0;0;0;0;0;0;0;0;0;0;0;0;0;0;0;0;0;0;0;0;0;0;0;0;0;0;0;0;0;0;0;0;0;0;0;0;0;0;0;0;0;0;0;0;0;0;0;0;0;0;0;0;0;0;0;0;0;0;0;0;0;0;0;0
"Sørkjosen";"Helicopter, continental shelf";"Domestic flights";"Total passengers on board at departure and arrival";0;0;0;0;0;0;0;0;0;0;0;0;0;0;0;0;0;0;0;0;0;0;0;0;0;0;0;0;0;0;0;0;0;0;0;0;0;0;0;0;0;0;0;0;0;0;0;0;0;0;0;0;0;0;0;0;0;0;0;0;0;0;0;0;0;0;0;0;0;0;0;0;0;0;0;0;0;0;0;0;0;0;0;0;0;0;0;0;0;0;0;0;0;0;0;0;0;0;0;0;0;0;0;0;0;0;0;0;0;0;0;0;0;0;0;0;0;0;0;0
"Sørkjosen";"Helicopter, other";"Domestic flights";"Total passengers on board at departure and arrival";0;0;0;0;0;0;0;0;0;0;0;0;0;0;0;0;0;0;0;0;0;0;0;0;0;0;0;0;0;0;0;0;0;0;0;0;0;0;0;0;0;0;0;0;0;0;0;0;0;0;0;0;0;0;0;0;0;0;0;0;0;0;0;0;0;0;0;0;0;0;0;0;0;0;0;0;0;0;0;0;0;0;0;0;0;0;0;0;0;0;0;0;0;0;0;0;0;0;0;0;0;0;0;0;0;0;0;0;0;0;0;0;0;0;0;0;0;0;0;0
"Sørkjosen";"Other commercial flights";"Domestic flights";"Total passengers on board at departure and arrival";0;0;0;0;0;0;0;0;0;0;0;0;0;0;0;0;0;0;0;0;0;0;0;0;0;0;0;0;0;0;0;0;0;0;0;0;0;0;0;0;0;0;0;0;0;0;0;0;0;0;0;0;0;0;0;0;0;0;0;0;0;0;0;0;0;0;0;0;0;0;0;0;0;0;0;0;0;0;0;0;0;0;0;0;0;0;0;0;0;0;0;0;0;0;0;0;0;0;0;0;0;0;0;0;0;0;0;0;0;0;0;0;0;0;0;0;0;0;0;0
"Tromsø Langnes";"All commercial flights";"Domestic flights";"Total passengers on board at departure and arrival";147585;134024;115912;122058;127056;151392;144968;168825;178191;156326;164412;168987;160955;155911;137944;147630;159394;176531;147933;172809;167312;172919;169870;166419;172893;172324;138661;150689;160472;169299;166905;160041;181664;161857;165171;179108;168976;158752;141568;159203;160016;177219;158960;164400;191203;168056;161942;167344;169387;163364;144738;151379;159684;177610;155076;166145;188242;166956;165894;171437;180079;180538;158427;169472;174901;169839;164940;173917;196041;181311;184177;182755;183757;173576;159111;176438;175387;197310;171082;190743;205663;188494;198768;186049;197374;184783;165172;177732;180803;190344;176523;179902;197667;192603;192919;181759;198577;188010;164939;180476;182577;201582;165912;179186;198028;188385;188688;192462;205044;183623;165618;183557;182852;99143;27746;47813;78015;122786;109489;108587
"Tromsø Langnes";"Scheduled passenger flights";"Domestic flights";"Total passengers on board at departure and arrival";147476;134021;115880;121624;126634;150925;144954;168486;177456;155939;164242;168862;160636;155398;137729;147263;159025;176268;147671;172720;166988;172579;169797;166401;171385;168710;136722;148540;157534;166645;166362;159879;180584;161411;164827;178768;168558;155838;138419;156724;157949;174578;156943;164069;190942;167241;161216;167279;168733;162330;143301;151232;159499;176363;155050;165945;187790;166117;165662;171001;179287;179799;157278;169219;174738;169270;164725;173064;195615;180805;183925;182748;183712;173404;158975;175776;173821;197040;170957;190457;205650;188490;198713;185577;197277;184588;164129;177659;180100;190236;176520;179822;197491;191679;192836;181693;198373;187685;164939;180053;182308;201049;165732;179101;197976;188051;188674;192454;204685;183623;165425;182508;182619;98740;27381;46967;76555;122297;109161;108582
"Tromsø Langnes";"Non-scheduled passenger flights";"Domestic flights";"Total passengers on board at departure and arrival";109;0;6;432;422;466;0;339;735;385;170;125;319;513;213;367;369;263;262;50;289;340;71;16;1508;3602;1939;2144;2938;2654;519;84;1080;446;344;340;418;2906;3149;2479;2065;2641;2011;315;261;815;715;65;653;1034;1437;147;185;1247;24;198;443;837;232;433;792;739;1149;253;163;569;215;853;425;506;252;7;45;172;135;662;1566;268;125;286;13;4;55;472;97;195;1043;73;703;108;3;61;176;898;83;66;204;325;0;423;269;533;180;85;52;334;14;8;359;0;193;1047;233;403;365;834;1460;489;328;5
"Tromsø Langnes";"Freight";"Domestic flights";"Total passengers on board at departure and arrival";0;0;0;0;0;0;0;0;0;0;0;0;0;0;0;0;0;0;0;0;0;0;0;0;0;0;0;0;0;0;0;0;0;0;0;0;0;0;0;0;0;0;0;0;0;0;10;0;0;0;0;0;0;0;2;2;0;0;0;0;0;0;0;0;0;0;0;0;0;0;0;0;0;0;0;0;0;0;0;0;0;0;0;0;0;0;0;0;0;0;0;0;0;0;0;0;0;0;0;0;0;0;0;0;0;0;0;0;0;0;0;0;0;0;0;0;0;0;0;0
"Tromsø Langnes";"Helicopter, continental shelf";"Domestic flights";"Total passengers on board at departure and arrival";0;0;0;0;0;0;13;0;0;0;0;0;0;0;0;0;0;0;0;39;35;0;0;0;0;10;0;0;0;0;18;78;0;0;0;0;0;8;0;0;2;0;0;9;0;0;0;0;1;0;0;0;0;0;0;0;9;0;0;0;0;0;0;0;0;0;0;0;1;0;0;0;0;0;0;0;0;0;0;0;0;0;0;0;0;0;0;0;0;0;0;19;0;0;0;0;0;0;0;0;0;0;0;0;0;0;0;0;0;0;0;0;0;0;0;12;0;0;0;0
"Tromsø Langnes";"Helicopter, other";"Domestic flights";"Total passengers on board at departure and arrival";0;0;0;0;0;0;1;0;0;0;0;0;0;0;0;0;0;0;0;0;0;0;0;0;0;2;0;0;0;0;6;0;0;0;0;0;0;0;0;0;0;0;0;7;0;0;1;0;0;0;0;0;0;0;0;0;0;0;0;0;0;0;0;0;0;0;0;0;0;0;0;0;0;0;1;0;0;0;0;0;0;0;0;0;0;0;0;0;0;0;0;0;0;26;0;0;0;0;0;0;0;0;0;0;0;0;0;0;0;0;0;2;0;0;0;0;0;0;0;0
"Tromsø Langnes";"Other commercial flights";"Domestic flights";"Total passengers on board at departure and arrival";0;3;26;2;0;1;0;0;0;2;0;0;0;0;2;0;0;0;0;0;0;0;2;2;0;0;0;5;0;0;0;0;0;0;0;0;0;0;0;0;0;0;6;0;0;0;0;0;0;0;0;0;0;0;0;0;0;2;0;3;0;0;0;0;0;0;0;0;0;0;0;0;0;0;0;0;0;2;0;0;0;0;0;0;0;0;0;0;0;0;0;0;0;0;0;0;0;0;0;0;0;0;0;0;0;0;0;0;0;0;0;0;0;0;0;0;0;0;0;0
"Vadsø";"All commercial flights";"Domestic flights";"Total passengers on board at departure and arrival";11673;10846;9737;9786;10333;11062;10038;10992;10323;9980;11252;11457;11498;10841;10623;10376;10454;10922;9711;11142;9510;10210;11690;10926;11688;11138;10043;10046;10055;10173;6175;1560;10423;10398;11313;13282;12215;10606;8816;10006;9736;10916;10176;10505;11198;9327;10678;11747;11615;11033;8952;9604;9172;11631;10217;10605;11518;9945;10648;11531;12467;11731;9479;9624;9838;5942;11004;11025;11473;9677;11659;11881;12229;12023;9923;10342;10452;11909;9698;11091;11749;9377;11536;11195;11953;12161;9889;10786;10418;10749;11272;10175;10438;9151;11723;10265;11658;11344;9561;11028;10200;11532;9848;11141;11024;9014;10699;11235;11868;11053;9144;10792;9883;5992;3985;6071;8457;10939;10785;12971
"Vadsø";"Scheduled passenger flights";"Domestic flights";"Total passengers on board at departure and arrival";11673;10846;9737;9786;10333;11062;10038;10992;10323;9980;11252;11457;11498;10841;10623;10376;10454;10922;9711;11142;9510;10210;11657;10926;11688;11138;10043;10046;10055;10173;6175;1560;10423;10398;11313;13282;12215;10606;8816;10006;9736;10916;10176;10505;11165;9327;10678;11747;11615;11033;8952;9604;9172;11631;10217;10605;11518;9945;10648;11531;12460;11731;9479;9624;9838;5942;11004;11019;11473;9677;11659;11881;12229;12023;9923;10342;10452;11909;9698;11091;11749;9377;11536;11195;11953;12161;9889;10786;10418;10749;11272;10175;10438;9151;11723;10265;11658;11344;9561;11028;10200;11471;9848;11141;11024;9014;10699;11235;11868;11025;9144;10792;9883;5992;3985;6071;8457;10939;10785;12971
"Vadsø";"Non-scheduled passenger flights";"Domestic flights";"Total passengers on board at departure and arrival";0;0;0;0;0;0;0;0;0;0;0;0;0;0;0;0;0;0;0;0;0;0;33;0;0;0;0;0;0;0;0;0;0;0;0;0;0;0;0;0;0;0;0;0;33;0;0;0;0;0;0;0;0;0;0;0;0;0;0;0;7;0;0;0;0;0;0;6;0;0;0;0;0;0;0;0;0;0;0;0;0;0;0;0;0;0;0;0;0;0;0;0;0;0;0;0;0;0;0;0;0;61;0;0;0;0;0;0;0;28;0;0;0;0;0;0;0;0;0;0
"Vadsø";"Freight";"Domestic flights";"Total passengers on board at departure and arrival";0;0;0;0;0;0;0;0;0;0;0;0;0;0;0;0;0;0;0;0;0;0;0;0;0;0;0;0;0;0;0;0;0;0;0;0;0;0;0;0;0;0;0;0;0;0;0;0;0;0;0;0;0;0;0;0;0;0;0;0;0;0;0;0;0;0;0;0;0;0;0;0;0;0;0;0;0;0;0;0;0;0;0;0;0;0;0;0;0;0;0;0;0;0;0;0;0;0;0;0;0;0;0;0;0;0;0;0;0;0;0;0;0;0;0;0;0;0;0;0
"Vadsø";"Helicopter, continental shelf";"Domestic flights";"Total passengers on board at departure and arrival";0;0;0;0;0;0;0;0;0;0;0;0;0;0;0;0;0;0;0;0;0;0;0;0;0;0;0;0;0;0;0;0;0;0;0;0;0;0;0;0;0;0;0;0;0;0;0;0;0;0;0;0;0;0;0;0;0;0;0;0;0;0;0;0;0;0;0;0;0;0;0;0;0;0;0;0;0;0;0;0;0;0;0;0;0;0;0;0;0;0;0;0;0;0;0;0;0;0;0;0;0;0;0;0;0;0;0;0;0;0;0;0;0;0;0;0;0;0;0;0
"Vadsø";"Helicopter, other";"Domestic flights";"Total passengers on board at departure and arrival";0;0;0;0;0;0;0;0;0;0;0;0;0;0;0;0;0;0;0;0;0;0;0;0;0;0;0;0;0;0;0;0;0;0;0;0;0;0;0;0;0;0;0;0;0;0;0;0;0;0;0;0;0;0;0;0;0;0;0;0;0;0;0;0;0;0;0;0;0;0;0;0;0;0;0;0;0;0;0;0;0;0;0;0;0;0;0;0;0;0;0;0;0;0;0;0;0;0;0;0;0;0;0;0;0;0;0;0;0;0;0;0;0;0;0;0;0;0;0;0
"Vadsø";"Other commercial flights";"Domestic flights";"Total passengers on board at departure and arrival";0;0;0;0;0;0;0;0;0;0;0;0;0;0;0;0;0;0;0;0;0;0;0;0;0;0;0;0;0;0;0;0;0;0;0;0;0;0;0;0;0;0;0;0;0;0;0;0;0;0;0;0;0;0;0;0;0;0;0;0;0;0;0;0;0;0;0;0;0;0;0;0;0;0;0;0;0;0;0;0;0;0;0;0;0;0;0;0;0;0;0;0;0;0;0;0;0;0;0;0;0;0;0;0;0;0;0;0;0;0;0;0;0;0;0;0;0;0;0;0
"Vardø Svartnes";"All commercial flights";"Domestic flights";"Total passengers on board at departure and arrival";4314;3978;3434;3377;3384;3819;4018;4241;3867;3576;4541;4456;4477;3701;7029;3321;3267;4292;3657;4452;3388;4595;4773;4127;4454;3894;5983;3261;3296;3756;1635;549;3972;4029;4521;7990;4786;3733;3043;3631;3471;4385;3963;3973;4203;3539;4038;4513;4320;3992;3556;3404;2993;4192;4032;4115;4810;4275;4220;4528;4812;4301;3863;3511;3267;1472;4347;4098;4710;3840;4786;4766;5009;4566;4195;3416;3800;4251;3871;4443;4463;3122;4712;4156;4598;4193;3431;3678;3489;3867;4135;3761;3976;3619;4800;3729;4176;4010;3637;3981;3627;3982;3643;4349;4487;3681;4407;4266;4431;3413;3220;3501;3331;1615;0;0;1767;3944;3979;4941
"Vardø Svartnes";"Scheduled passenger flights";"Domestic flights";"Total passengers on board at departure and arrival";4314;3978;3434;3375;3384;3819;4018;4241;3867;3576;4541;4456;4477;3701;7029;3321;3267;4292;3657;4452;3388;4595;4771;4127;4454;3894;5983;3261;3296;3756;1635;549;3972;4029;4521;7990;4786;3733;3043;3631;3471;4385;3963;3973;4203;3539;4038;4513;4320;3992;3556;3404;2993;4192;4032;4115;4810;4275;4220;4528;4812;4301;3863;3511;3267;1472;4347;4098;4710;3840;4786;4766;5009;4566;4195;3416;3800;4251;3871;4443;4463;3122;4217;4091;4598;4193;3431;3678;3489;3867;4135;3761;3976;3619;4800;3729;4176;4010;3637;3979;3627;3982;3643;4129;4287;3681;4407;4266;4431;3413;3220;3501;3331;1615;0;0;1767;3944;3979;4941
"Vardø Svartnes";"Non-scheduled passenger flights";"Domestic flights";"Total passengers on board at departure and arrival";0;0;0;0;0;0;0;0;0;0;0;0;0;0;0;0;0;0;0;0;0;0;0;0;0;0;0;0;0;0;0;0;0;0;0;0;0;0;0;0;0;0;0;0;0;0;0;0;0;0;0;0;0;0;0;0;0;0;0;0;0;0;0;0;0;0;0;0;0;0;0;0;0;0;0;0;0;0;0;0;0;0;0;0;0;0;0;0;0;0;0;0;0;0;0;0;0;0;0;0;0;0;0;0;0;0;0;0;0;0;0;0;0;0;0;0;0;0;0;0
"Vardø Svartnes";"Freight";"Domestic flights";"Total passengers on board at departure and arrival";0;0;0;0;0;0;0;0;0;0;0;0;0;0;0;0;0;0;0;0;0;0;0;0;0;0;0;0;0;0;0;0;0;0;0;0;0;0;0;0;0;0;0;0;0;0;0;0;0;0;0;0;0;0;0;0;0;0;0;0;0;0;0;0;0;0;0;0;0;0;0;0;0;0;0;0;0;0;0;0;0;0;0;0;0;0;0;0;0;0;0;0;0;0;0;0;0;0;0;0;0;0;0;0;0;0;0;0;0;0;0;0;0;0;0;0;0;0;0;0
"Vardø Svartnes";"Helicopter, continental shelf";"Domestic flights";"Total passengers on board at departure and arrival";0;0;0;0;0;0;0;0;0;0;0;0;0;0;0;0;0;0;0;0;0;0;0;0;0;0;0;0;0;0;0;0;0;0;0;0;0;0;0;0;0;0;0;0;0;0;0;0;0;0;0;0;0;0;0;0;0;0;0;0;0;0;0;0;0;0;0;0;0;0;0;0;0;0;0;0;0;0;0;0;0;0;467;64;0;0;0;0;0;0;0;0;0;0;0;0;0;0;0;0;0;0;0;220;200;0;0;0;0;0;0;0;0;0;0;0;0;0;0;0
"Vardø Svartnes";"Helicopter, other";"Domestic flights";"Total passengers on board at departure and arrival";0;0;0;0;0;0;0;0;0;0;0;0;0;0;0;0;0;0;0;0;0;0;0;0;0;0;0;0;0;0;0;0;0;0;0;0;0;0;0;0;0;0;0;0;0;0;0;0;0;0;0;0;0;0;0;0;0;0;0;0;0;0;0;0;0;0;0;0;0;0;0;0;0;0;0;0;0;0;0;0;0;0;28;1;0;0;0;0;0;0;0;0;0;0;0;0;0;0;0;2;0;0;0;0;0;0;0;0;0;0;0;0;0;0;0;0;0;0;0;0
"Vardø Svartnes";"Other commercial flights";"Domestic flights";"Total passengers on board at departure and arrival";0;0;0;2;0;0;0;0;0;0;0;0;0;0;0;0;0;0;0;0;0;0;2;0;0;0;0;0;0;0;0;0;0;0;0;0;0;0;0;0;0;0;0;0;0;0;0;0;0;0;0;0;0;0;0;0;0;0;0;0;0;0;0;0;0;0;0;0;0;0;0;0;0;0;0;0;0;0;0;0;0;0;0;0;0;0;0;0;0;0;0;0;0;0;0;0;0;0;0;0;0;0;0;0;0;0;0;0;0;0;0;0;0;0;0;0;0;0;0;0
"Vestvågøy Leknes";"All commercial flights";"Domestic flights";"Total passengers on board at departure and arrival";9774;8989;7976;7824;8028;9525;8503;9961;10386;10714;10254;9911;10237;9528;8484;8490;8506;10154;8877;10411;9176;11820;10845;9446;9683;8721;7781;8272;8219;9486;14932;11664;10646;10772;10313;9170;9462;8482;7723;8187;8071;10080;9333;9201;10650;10654;10044;9625;9949;8152;7589;7669;7698;10252;8398;8681;10373;11085;9848;9832;9680;8890;8177;7638;9096;10357;9701;10208;11318;11418;11165;10294;10174;9291;8275;8702;9361;11656;11791;13490;14964;15242;15125;14074;14038;12335;10769;11495;11856;12595;11976;12407;14523;14230;13711;11251;11706;9524;8469;8635;10083;12686;10623;10842;12630;12677;12855;12504;12520;9638;8599;10396;9829;7168;3929;6036;7274;11282;9103;8635
"Vestvågøy Leknes";"Scheduled passenger flights";"Domestic flights";"Total passengers on board at departure and arrival";9774;8989;7976;7824;8028;9525;8503;9933;10386;10714;10254;9904;10237;9528;8484;8490;8506;10154;8877;10411;9141;11820;10777;9446;9683;8721;7781;8272;8219;9481;14932;11664;10642;10772;10313;9170;9462;8482;7723;8187;8071;10080;9333;9201;10585;10654;10044;9619;9949;8152;7589;7669;7698;10252;8398;8681;10373;11048;9844;9832;9588;8890;8177;7638;9096;10357;9701;10079;11317;11411;11165;10294;10174;9291;8275;8702;9361;11655;11791;13490;14964;15232;15125;14074;14038;12335;10769;11495;11856;12595;11976;12407;14523;14225;13711;11251;11706;9524;8469;8635;10083;12682;10623;10842;12630;12677;12849;12504;12520;9638;8599;10396;9829;7168;3929;6036;7274;11282;9103;8635
"Vestvågøy Leknes";"Non-scheduled passenger flights";"Domestic flights";"Total passengers on board at departure and arrival";0;0;0;0;0;0;0;28;0;0;0;7;0;0;0;0;0;0;0;0;35;0;68;0;0;0;0;0;0;5;0;0;4;0;0;0;0;0;0;0;0;0;0;0;65;0;0;6;0;0;0;0;0;0;0;0;0;37;4;0;92;0;0;0;0;0;0;129;1;7;0;0;0;0;0;0;0;1;0;0;0;10;0;0;0;0;0;0;0;0;0;0;0;5;0;0;0;0;0;0;0;4;0;0;0;0;6;0;0;0;0;0;0;0;0;0;0;0;0;0
"Vestvågøy Leknes";"Freight";"Domestic flights";"Total passengers on board at departure and arrival";0;0;0;0;0;0;0;0;0;0;0;0;0;0;0;0;0;0;0;0;0;0;0;0;0;0;0;0;0;0;0;0;0;0;0;0;0;0;0;0;0;0;0;0;0;0;0;0;0;0;0;0;0;0;0;0;0;0;0;0;0;0;0;0;0;0;0;0;0;0;0;0;0;0;0;0;0;0;0;0;0;0;0;0;0;0;0;0;0;0;0;0;0;0;0;0;0;0;0;0;0;0;0;0;0;0;0;0;0;0;0;0;0;0;0;0;0;0;0;0
"Vestvågøy Leknes";"Helicopter, continental shelf";"Domestic flights";"Total passengers on board at departure and arrival";0;0;0;0;0;0;0;0;0;0;0;0;0;0;0;0;0;0;0;0;0;0;0;0;0;0;0;0;0;0;0;0;0;0;0;0;0;0;0;0;0;0;0;0;0;0;0;0;0;0;0;0;0;0;0;0;0;0;0;0;0;0;0;0;0;0;0;0;0;0;0;0;0;0;0;0;0;0;0;0;0;0;0;0;0;0;0;0;0;0;0;0;0;0;0;0;0;0;0;0;0;0;0;0;0;0;0;0;0;0;0;0;0;0;0;0;0;0;0;0
"Vestvågøy Leknes";"Helicopter, other";"Domestic flights";"Total passengers on board at departure and arrival";0;0;0;0;0;0;0;0;0;0;0;0;0;0;0;0;0;0;0;0;0;0;0;0;0;0;0;0;0;0;0;0;0;0;0;0;0;0;0;0;0;0;0;0;0;0;0;0;0;0;0;0;0;0;0;0;0;0;0;0;0;0;0;0;0;0;0;0;0;0;0;0;0;0;0;0;0;0;0;0;0;0;0;0;0;0;0;0;0;0;0;0;0;0;0;0;0;0;0;0;0;0;0;0;0;0;0;0;0;0;0;0;0;0;0;0;0;0;0;0
"Vestvågøy Leknes";"Other commercial flights";"Domestic flights";"Total passengers on board at departure and arrival";0;0;0;0;0;0;0;0;0;0;0;0;0;0;0;0;0;0;0;0;0;0;0;0;0;0;0;0;0;0;0;0;0;0;0;0;0;0;0;0;0;0;0;0;0;0;0;0;0;0;0;0;0;0;0;0;0;0;0;0;0;0;0;0;0;0;0;0;0;0;0;0;0;0;0;0;0;0;0;0;0;0;0;0;0;0;0;0;0;0;0;0;0;0;0;0;0;0;0;0;0;0;0;0;0;0;0;0;0;0;0;0;0;0;0;0;0;0;0;0
"Værøy";"All commercial flights";"Domestic flights";"Total passengers on board at departure and arrival";927;862;638;786;805;699;723;908;864;436;320;403;356;549;446;579;582;240;178;204;111;140;151;153;795;836;648;685;993;709;742;749;822;909;772;761;932;704;799;651;709;740;745;823;856;930;734;972;930;776;719;519;734;879;785;748;884;763;820;774;853;872;631;537;678;693;716;797;913;925;899;803;726;769;586;571;664;807;583;749;832;911;851;755;841;702;611;588;620;0;667;0;0;842;842;779;829;705;568;581;629;584;667;749;0;810;775;803;716;601;597;486;597;341;173;362;670;767;620;667
"Værøy";"Scheduled passenger flights";"Domestic flights";"Total passengers on board at departure and arrival";927;862;638;786;805;699;723;908;864;436;320;309;356;549;446;579;582;240;178;204;111;140;151;153;795;836;648;685;993;709;742;749;822;886;772;761;932;704;799;651;709;740;745;823;856;930;734;972;930;776;703;519;726;879;771;748;884;763;820;770;853;872;631;492;678;693;716;797;913;916;899;803;726;769;586;571;664;807;583;749;788;911;769;734;841;692;611;588;620;0;667;0;0;842;842;759;829;705;568;581;629;584;667;749;0;800;745;692;698;383;423;406;524;245;154;287;670;767;620;667
"Værøy";"Non-scheduled passenger flights";"Domestic flights";"Total passengers on board at departure and arrival";0;0;0;0;0;0;0;0;0;0;0;15;0;0;0;0;0;0;0;0;0;0;0;0;0;0;0;0;0;0;0;0;0;23;0;0;0;0;0;0;0;0;0;0;0;0;0;0;0;0;16;0;8;0;14;0;0;0;0;4;0;0;0;0;0;0;0;0;0;9;0;0;0;0;0;0;0;0;0;0;25;0;82;21;0;10;0;0;0;0;0;0;0;0;0;20;0;0;0;0;0;0;0;0;0;10;30;111;18;218;174;80;73;96;19;75;0;0;0;0
"Værøy";"Freight";"Domestic flights";"Total passengers on board at departure and arrival";0;0;0;0;0;0;0;0;0;0;0;0;0;0;0;0;0;0;0;0;0;0;0;0;0;0;0;0;0;0;0;0;0;0;0;0;0;0;0;0;0;0;0;0;0;0;0;0;0;0;0;0;0;0;0;0;0;0;0;0;0;0;0;0;0;0;0;0;0;0;0;0;0;0;0;0;0;0;0;0;0;0;0;0;0;0;0;0;0;0;0;0;0;0;0;0;0;0;0;0;0;0;0;0;0;0;0;0;0;0;0;0;0;0;0;0;0;0;0;0
"Værøy";"Helicopter, continental shelf";"Domestic flights";"Total passengers on board at departure and arrival";0;0;0;0;0;0;0;0;0;0;0;79;0;0;0;0;0;0;0;0;0;0;0;0;0;0;0;0;0;0;0;0;0;0;0;0;0;0;0;0;0;0;0;0;0;0;0;0;0;0;0;0;0;0;0;0;0;0;0;0;0;0;0;0;0;0;0;0;0;0;0;0;0;0;0;0;0;0;0;0;0;0;0;0;0;0;0;0;0;0;0;0;0;0;0;0;0;0;0;0;0;0;0;0;0;0;0;0;0;0;0;0;0;0;0;0;0;0;0;0
"Værøy";"Helicopter, other";"Domestic flights";"Total passengers on board at departure and arrival";0;0;0;0;0;0;0;0;0;0;0;0;0;0;0;0;0;0;0;0;0;0;0;0;0;0;0;0;0;0;0;0;0;0;0;0;0;0;0;0;0;0;0;0;0;0;0;0;0;0;0;0;0;0;0;0;0;0;0;0;0;0;0;45;0;0;0;0;0;0;0;0;0;0;0;0;0;0;0;0;19;0;0;0;0;0;0;0;0;0;0;0;0;0;0;0;0;0;0;0;0;0;0;0;0;0;0;0;0;0;0;0;0;0;0;0;0;0;0;0
"Værøy";"Other commercial flights";"Domestic flights";"Total passengers on board at departure and arrival";0;0;0;0;0;0;0;0;0;0;0;0;0;0;0;0;0;0;0;0;0;0;0;0;0;0;0;0;0;0;0;0;0;0;0;0;0;0;0;0;0;0;0;0;0;0;0;0;0;0;0;0;0;0;0;0;0;0;0;0;0;0;0;0;0;0;0;0;0;0;0;0;0;0;0;0;0;0;0;0;0;0;0;0;0;0;0;0;0;0;0;0;0;0;0;0;0;0;0;0;0;0;0;0;0;0;0;0;0;0;0;0;0;0;0;0;0;0;0;0
"Ørland";"All commercial flights";"Domestic flights";"Total passengers on board at departure and arrival";739;706;329;693;627;742;443;576;528;291;523;635;581;781;311;1216;577;594;450;592;639;189;389;694;793;788;352;592;585;563;608;536;574;18;407;608;633;671;364;797;452;486;421;590;531;0;453;592;655;590;285;506;426;888;449;391;448;0;345;673;829;710;235;509;412;474;459;397;649;0;285;889;406;692;267;0;0;0;0;0;0;0;0;148;837;1760;1448;1433;1678;1905;2205;2278;2308;1366;1654;1903;2023;1932;1379;1791;1741;2235;1967;1981;2057;864;1722;2123;2114;1989;1514;1389;1734;1020;500;313;589;599;606;665
"Ørland";"Scheduled passenger flights";"Domestic flights";"Total passengers on board at departure and arrival";739;706;329;693;627;711;433;576;528;291;523;635;581;758;311;1052;565;594;450;592;639;189;389;694;647;671;352;592;585;563;608;536;574;0;407;608;633;667;338;793;452;486;421;590;531;0;453;580;606;590;267;466;401;708;449;391;448;0;345;516;829;589;235;509;412;302;452;395;513;0;285;705;406;543;267;0;0;0;0;0;0;0;0;141;837;1760;1448;1433;1678;1905;2205;2278;2308;1366;1654;1903;2023;1932;1379;1791;1741;2235;1967;1981;2057;864;1722;2123;2114;1989;1514;1389;1734;966;500;313;589;599;606;613
"Ørland";"Non-scheduled passenger flights";"Domestic flights";"Total passengers on board at departure and arrival";0;0;0;0;0;17;10;0;0;0;0;0;0;23;0;164;12;0;0;0;0;0;0;0;146;117;0;0;0;0;0;0;0;0;0;0;0;4;26;4;0;0;0;0;0;0;0;0;11;0;2;40;4;180;0;0;0;0;0;157;0;121;0;0;0;172;7;2;136;0;0;184;0;149;0;0;0;0;0;0;0;0;0;7;0;0;0;0;0;0;0;0;0;0;0;0;0;0;0;0;0;0;0;0;0;0;0;0;0;0;0;0;0;47;0;0;0;0;0;52
"Ørland";"Freight";"Domestic flights";"Total passengers on board at departure and arrival";0;0;0;0;0;0;0;0;0;0;0;0;0;0;0;0;0;0;0;0;0;0;0;0;0;0;0;0;0;0;0;0;0;0;0;0;0;0;0;0;0;0;0;0;0;0;0;0;0;0;0;0;0;0;0;0;0;0;0;0;0;0;0;0;0;0;0;0;0;0;0;0;0;0;0;0;0;0;0;0;0;0;0;0;0;0;0;0;0;0;0;0;0;0;0;0;0;0;0;0;0;0;0;0;0;0;0;0;0;0;0;0;0;7;0;0;0;0;0;0
"Ørland";"Helicopter, continental shelf";"Domestic flights";"Total passengers on board at departure and arrival";0;0;0;0;0;14;0;0;0;0;0;0;0;0;0;0;0;0;0;0;0;0;0;0;0;0;0;0;0;0;0;0;0;18;0;0;0;0;0;0;0;0;0;0;0;0;0;12;38;0;16;0;21;0;0;0;0;0;0;0;0;0;0;0;0;0;0;0;0;0;0;0;0;0;0;0;0;0;0;0;0;0;0;0;0;0;0;0;0;0;0;0;0;0;0;0;0;0;0;0;0;0;0;0;0;0;0;0;0;0;0;0;0;0;0;0;0;0;0;0
"Ørland";"Helicopter, other";"Domestic flights";"Total passengers on board at departure and arrival";0;0;0;0;0;0;0;0;0;0;0;0;0;0;0;0;0;0;0;0;0;0;0;0;0;0;0;0;0;0;0;0;0;0;0;0;0;0;0;0;0;0;0;0;0;0;0;0;0;0;0;0;0;0;0;0;0;0;0;0;0;0;0;0;0;0;0;0;0;0;0;0;0;0;0;0;0;0;0;0;0;0;0;0;0;0;0;0;0;0;0;0;0;0;0;0;0;0;0;0;0;0;0;0;0;0;0;0;0;0;0;0;0;0;0;0;0;0;0;0
"Ørland";"Other commercial flights";"Domestic flights";"Total passengers on board at departure and arrival";0;0;0;0;0;0;0;0;0;0;0;0;0;0;0;0;0;0;0;0;0;0;0;0;0;0;0;0;0;0;0;0;0;0;0;0;0;0;0;0;0;0;0;0;0;0;0;0;0;0;0;0;0;0;0;0;0;0;0;0;0;0;0;0;0;0;0;0;0;0;0;0;0;0;0;0;0;0;0;0;0;0;0;0;0;0;0;0;0;0;0;0;0;0;0;0;0;0;0;0;0;0;0;0;0;0;0;0;0;0;0;0;0;0;0;0;0;0;0;0
"Ørsta-Volda Hovden";"All commercial flights";"Domestic flights";"Total passengers on board at departure and arrival";9949;9099;7320;8060;8235;9283;7719;9154;8989;7255;9451;9488;9442;9014;7292;8066;8204;8745;9061;10965;10547;9444;10807;10536;11600;11482;9672;10816;9885;10642;11442;9534;11257;11868;11034;11452;11881;10744;8482;10469;10213;10412;10305;10241;10726;9899;10170;11259;12014;11303;9355;8841;9084;10750;9730;9725;10125;9759;9213;10293;11053;10076;9124;9220;9453;9403;8622;8756;9002;7971;7910;9440;9777;9421;8290;8844;8942;10250;9193;9668;10140;8830;9521;10396;10067;9599;9146;9789;9174;10619;10711;10297;10574;9062;10325;10426;11718;10542;8952;8726;9432;10341;9097;9599;9675;7906;9098;10133;10696;9158;7611;8336;8045;4504;2124;2651;5544;5896;5459;5053
"Ørsta-Volda Hovden";"Scheduled passenger flights";"Domestic flights";"Total passengers on board at departure and arrival";9946;9099;7320;8060;8201;9283;7719;9154;8989;7255;9439;9488;9442;9014;7289;8066;8204;8745;9061;10833;10547;9444;10807;10536;11600;11482;9672;10816;9885;10642;11442;9533;11230;11868;11034;11378;11881;10744;8482;10469;10213;10412;10305;10241;10717;9899;10170;11259;12014;11303;9355;8841;9084;10750;9730;9725;10125;9759;9213;10293;11053;10076;9124;9220;9453;9403;8622;8699;9002;7971;7910;9440;9777;9421;8290;8844;8942;10250;9193;9668;10140;8830;9521;10374;10067;9599;9146;9789;9174;10619;10711;10297;10574;9062;10325;10426;11718;10542;8952;8726;9432;10341;9097;9599;9667;7906;9098;10133;10696;9158;7611;8336;8045;4504;2124;2651;5536;5894;5459;4999
"Ørsta-Volda Hovden";"Non-scheduled passenger flights";"Domestic flights";"Total passengers on board at departure and arrival";3;0;0;0;34;0;0;0;0;0;0;0;0;0;3;0;0;0;0;132;0;0;0;0;0;0;0;0;0;0;0;1;27;0;0;74;0;0;0;0;0;0;0;0;9;0;0;0;0;0;0;0;0;0;0;0;0;0;0;0;0;0;0;0;0;0;0;57;0;0;0;0;0;0;0;0;0;0;0;0;0;0;0;22;0;0;0;0;0;0;0;0;0;0;0;0;0;0;0;0;0;0;0;0;0;0;0;0;0;0;0;0;0;0;0;0;0;0;0;54
"Ørsta-Volda Hovden";"Freight";"Domestic flights";"Total passengers on board at departure and arrival";0;0;0;0;0;0;0;0;0;0;0;0;0;0;0;0;0;0;0;0;0;0;0;0;0;0;0;0;0;0;0;0;0;0;0;0;0;0;0;0;0;0;0;0;0;0;0;0;0;0;0;0;0;0;0;0;0;0;0;0;0;0;0;0;0;0;0;0;0;0;0;0;0;0;0;0;0;0;0;0;0;0;0;0;0;0;0;0;0;0;0;0;0;0;0;0;0;0;0;0;0;0;0;0;0;0;0;0;0;0;0;0;0;0;0;0;0;0;0;0
"Ørsta-Volda Hovden";"Helicopter, continental shelf";"Domestic flights";"Total passengers on board at departure and arrival";0;0;0;0;0;0;0;0;0;0;0;0;0;0;0;0;0;0;0;0;0;0;0;0;0;0;0;0;0;0;0;0;0;0;0;0;0;0;0;0;0;0;0;0;0;0;0;0;0;0;0;0;0;0;0;0;0;0;0;0;0;0;0;0;0;0;0;0;0;0;0;0;0;0;0;0;0;0;0;0;0;0;0;0;0;0;0;0;0;0;0;0;0;0;0;0;0;0;0;0;0;0;0;0;0;0;0;0;0;0;0;0;0;0;0;0;0;0;0;0
"Ørsta-Volda Hovden";"Helicopter, other";"Domestic flights";"Total passengers on board at departure and arrival";0;0;0;0;0;0;0;0;0;0;0;0;0;0;0;0;0;0;0;0;0;0;0;0;0;0;0;0;0;0;0;0;0;0;0;0;0;0;0;0;0;0;0;0;0;0;0;0;0;0;0;0;0;0;0;0;0;0;0;0;0;0;0;0;0;0;0;0;0;0;0;0;0;0;0;0;0;0;0;0;0;0;0;0;0;0;0;0;0;0;0;0;0;0;0;0;0;0;0;0;0;0;0;0;8;0;0;0;0;0;0;0;0;0;0;0;8;2;0;0
"Ørsta-Volda Hovden";"Other commercial flights";"Domestic flights";"Total passengers on board at departure and arrival";0;0;0;0;0;0;0;0;0;0;12;0;0;0;0;0;0;0;0;0;0;0;0;0;0;0;0;0;0;0;0;0;0;0;0;0;0;0;0;0;0;0;0;0;0;0;0;0;0;0;0;0;0;0;0;0;0;0;0;0;0;0;0;0;0;0;0;0;0;0;0;0;0;0;0;0;0;0;0;0;0;0;0;0;0;0;0;0;0;0;0;0;0;0;0;0;0;0;0;0;0;0;0;0;0;0;0;0;0;0;0;0;0;0;0;0;0;0;0;0
"Ålesund Vigra";"All commercial flights";"Domestic flights";"Total passengers on board at departure and arrival";76718;67852;58337;56405;59676;72785;64789;76429;72416;55264;65798;79019;80168;78902;69562;69018;73966;80668;73207;84420;76099;59651;72229;79409;83447;76818;61336;62786;65184;68717;73835;77561;74949;63020;70051;78619;82642;72408;62055;61392;61793;67820;72006;74688;77986;58749;67758;75801;77491;67547;58479;54370;57766;66482;64394;69751;73789;59311;64577;72240;73559;68403;56949;56340;61996;66263;65316;71559;73186;57312;66248;74958;73871;66654;58647;57267;61459;69928;66489;74017;75735;58373;68895;74851;78051;72214;59464;59575;62926;68191;72879;76665;76331;62004;72318;79640;80202;75503;61070;65108;64486;78182;68416;75194;80345;60706;71376;80491;81115;73603;62495;63449;64985;33125;9619;14361;21731;30750;31302;35993
"Ålesund Vigra";"Scheduled passenger flights";"Domestic flights";"Total passengers on board at departure and arrival";76121;67519;58047;56246;59668;72569;64211;75392;71885;54291;65038;77899;79140;77092;69247;68862;73821;80538;72435;83647;75418;58724;70913;78127;82843;75027;61336;62786;64993;67710;73083;76749;74441;61728;69559;77641;81830;72100;61585;61388;61778;67819;71532;74552;77963;58560;67634;74704;76685;67543;58207;54370;57617;66260;64371;69640;73689;59294;64566;72069;73550;68394;56689;56045;61996;66263;65301;71551;73170;57217;66207;74954;73695;66654;58642;57266;61458;69927;66487;73982;75452;58292;68841;74839;77611;71941;59283;59472;62651;68112;72485;76636;76163;61980;72291;79516;80196;75493;61065;65103;64486;78158;68411;75177;80299;60696;71376;80473;80853;71970;61339;61796;63372;32370;9423;14326;21722;30686;31209;35944
"Ålesund Vigra";"Non-scheduled passenger flights";"Domestic flights";"Total passengers on board at departure and arrival";597;333;290;159;8;216;578;1008;531;973;760;1120;1028;1810;315;156;145;130;772;773;681;927;1316;1280;604;1791;0;0;191;1007;752;810;508;1292;492;978;812;308;470;4;11;1;474;136;23;189;124;1097;806;4;230;0;149;222;23;111;100;17;11;169;9;9;260;295;0;0;15;8;16;95;27;4;176;0;5;1;1;1;2;35;283;81;26;12;440;273;181;103;275;79;394;29;168;24;27;124;6;10;5;5;0;24;5;17;36;10;0;18;262;1633;1156;1653;1613;755;196;35;9;64;93;49
"Ålesund Vigra";"Freight";"Domestic flights";"Total passengers on board at departure and arrival";0;0;0;0;0;0;0;0;0;0;0;0;0;0;0;0;0;0;0;0;0;0;0;0;0;0;0;0;0;0;0;2;0;0;0;0;0;0;0;0;0;0;0;0;0;0;0;0;0;0;0;0;0;0;0;0;0;0;0;0;0;0;0;0;0;0;0;0;0;0;0;0;0;0;0;0;0;0;0;0;0;0;26;0;0;0;0;0;0;0;0;0;0;0;0;0;0;0;0;0;0;0;0;0;1;0;0;0;0;0;0;0;0;0;0;0;0;0;0;0
"Ålesund Vigra";"Helicopter, continental shelf";"Domestic flights";"Total passengers on board at departure and arrival";0;0;0;0;0;0;0;29;0;0;0;0;0;0;0;0;0;0;0;0;0;0;0;0;0;0;0;0;0;0;0;0;0;0;0;0;0;0;0;0;0;0;0;0;0;0;0;0;0;0;42;0;0;0;0;0;0;0;0;0;0;0;0;0;0;0;0;0;0;0;14;0;0;0;0;0;0;0;0;0;0;0;0;0;0;0;0;0;0;0;0;0;0;0;0;0;0;0;0;0;0;0;0;0;0;0;0;0;0;0;0;0;0;0;0;0;0;0;0;0
"Ålesund Vigra";"Helicopter, other";"Domestic flights";"Total passengers on board at departure and arrival";0;0;0;0;0;0;0;0;0;0;0;0;0;0;0;0;0;0;0;0;0;0;0;2;0;0;0;0;0;0;0;0;0;0;0;0;0;0;0;0;0;0;0;0;0;0;0;0;0;0;0;0;0;0;0;0;0;0;0;0;0;0;0;0;0;0;0;0;0;0;0;0;0;0;0;0;0;0;0;0;0;0;0;0;0;0;0;0;0;0;0;0;0;0;0;0;0;0;0;0;0;0;0;0;9;0;0;0;0;0;0;0;0;0;0;0;0;0;0;0
"Ålesund Vigra";"Other commercial flights";"Domestic flights";"Total passengers on board at departure and arrival";0;0;0;0;0;0;0;0;0;0;0;0;0;0;0;0;0;0;0;0;0;0;0;0;0;0;0;0;0;0;0;0;0;0;0;0;0;0;0;0;4;0;0;0;0;0;0;0;0;0;0;0;0;0;0;0;0;0;0;2;0;0;0;0;0;0;0;0;0;0;0;0;0;0;0;0;0;0;0;0;0;0;2;0;0;0;0;0;0;0;0;0;0;0;0;0;0;0;0;0;0;0;0;0;0;0;0;0;0;0;0;0;0;0;0;0;0;0;0;0
